2016/03/29,16-037,22,09,31,13,12,30,28
2016/03/26,16-036,38,47,24,44,17,46,27
2016/03/24,16-035,21,35,18,25,16,46,13
2016/03/22,16-034,05,18,49,24,10,27,39
2016/03/19,16-033,25,23,39,35,42,43,14
2016/03/17,16-032,08,16,15,03,17,38,35
2016/03/15,16-031,01,06,41,19,28,26,39
2016/03/12,16-030,41,23,49,36,33,03,02
2016/03/10,16-029,09,48,30,33,24,14,43
2016/03/08,16-028,16,34,04,30,03,39,14
2016/03/05,16-027,29,48,49,17,26,32,40
2016/03/03,16-026,16,05,45,07,02,01,33
2016/03/01,16-025,30,21,11,16,19,33,31
2016/02/27,16-024,27,06,11,20,44,09,42
2016/02/25,16-023,03,47,22,45,24,06,07
2016/02/23,16-022,15,27,45,44,09,24,47
2016/02/20,16-021,47,49,39,20,44,12,45
2016/02/18,16-020,20,41,38,13,45,39,46
2016/02/16,16-019,42,43,22,34,21,18,24
2016/02/13,16-018,43,08,36,14,29,24,31
2016/02/11,16-017,04,35,03,30,47,17,10
2016/02/07,16-016,11,21,13,19,15,29,41
2016/02/04,16-015,07,38,13,35,15,45,32
2016/02/02,16-014,36,28,34,18,33,30,02
2016/01/30,16-013,01,39,29,32,44,05,04
2016/01/28,16-012,30,48,08,42,34,20,36
2016/01/26,16-011,09,40,05,27,22,26,13
2016/01/23,16-010,14,32,23,08,12,07,05
2016/01/21,16-009,33,40,47,02,12,45,09
2016/01/19,16-008,39,25,30,08,20,18,13
2016/01/16,16-007,02,06,01,43,37,40,24
2016/01/14,16-006,23,49,32,02,01,10,26
2016/01/12,16-005,08,13,44,45,35,15,47
2016/01/10,16-004,15,08,30,45,18,04,38
2016/01/07,16-003,29,11,09,47,43,06,08
2016/01/05,16-002,18,45,02,05,07,30,11
2016/01/02,16-001,06,34,08,41,32,11,47
2015/12/31,15-152,22,24,11,25,02,12,03
2015/12/29,15-151,30,38,33,20,03,05,28
2015/12/26,15-150,37,01,08,42,47,33,07
2015/12/24,15-149,18,20,12,33,47,28,25
2015/12/22,15-148,44,36,38,11,28,48,26
2015/12/20,15-147,43,45,20,16,06,11,21
2015/12/17,15-146,20,36,24,18,45,44,39
2015/12/15,15-145,18,41,40,48,49,22,42
2015/12/12,15-144,16,42,44,27,35,18,33
2015/12/10,15-143,09,29,24,47,32,34,42
2015/12/08,15-142,49,25,10,09,40,48,32
2015/12/05,15-141,19,16,35,06,34,46,09
2015/12/03,15-140,42,14,41,04,44,11,10
2015/12/01,15-139,08,10,33,22,09,40,28
2015/11/28,15-138,31,25,28,24,15,21,48
2015/11/26,15-137,44,10,39,17,25,26,07
2015/11/24,15-136,44,17,21,41,36,22,38
2015/11/22,15-135,33,30,38,20,39,09,37
2015/11/19,15-134,15,40,41,13,48,25,19
2015/11/17,15-133,33,13,47,31,35,12,21
2015/11/15,15-132,13,15,45,28,41,24,20
2015/11/12,15-131,10,24,28,45,33,20,19
2015/11/10,15-130,47,04,43,28,42,14,03
2015/11/07,15-129,06,16,34,44,48,27,01
2015/11/05,15-128,25,44,11,05,27,10,07
2015/11/03,15-127,38,12,25,07,13,34,15
2015/10/31,15-126,28,04,48,37,10,42,08
2015/10/29,15-125,31,22,05,46,04,06,47
2015/10/27,15-124,33,20,22,44,31,39,10
2015/10/24,15-123,27,34,18,45,35,28,02
2015/10/21,15-122,25,48,16,40,14,01,17
2015/10/19,15-121,46,15,38,39,07,11,25
2015/10/17,15-120,33,48,02,19,12,34,24
2015/10/15,15-119,17,30,34,18,33,26,29
2015/10/13,15-118,34,30,04,33,01,22,26
2015/10/11,15-117,22,36,46,04,35,21,40
2015/10/08,15-116,17,40,08,28,34,39,14
2015/10/06,15-115,32,02,22,07,09,46,26
2015/10/03,15-114,39,30,16,10,40,08,06
2015/09/30,15-113,46,28,10,23,09,37,34
2015/09/26,15-112,37,43,06,18,16,15,02
2015/09/24,15-111,10,16,15,24,04,28,49
2015/09/22,15-110,25,43,11,02,36,12,10
2015/09/17,15-109,09,41,04,17,01,35,37
2015/09/15,15-108,05,22,17,25,27,03,46
2015/09/12,15-107,05,38,21,25,13,40,17
2015/09/10,15-106,11,01,36,13,35,23,34
2015/09/08,15-105,22,04,41,01,13,32,26
2015/09/05,15-104,15,40,26,36,20,16,46
2015/09/03,15-103,16,45,34,12,36,42,41
2015/09/01,15-102,31,10,05,36,08,06,17
2015/08/29,15-101,09,32,37,39,22,28,47
2015/08/27,15-100,29,09,39,13,30,45,48
2015/08/25,15-099,41,42,39,16,15,03,36
2015/08/22,15-098,32,02,37,36,26,31,12
2015/08/20,15-097,18,04,44,05,23,32,06
2015/08/18,15-096,43,17,49,07,34,41,01
2015/08/15,15-095,02,06,30,33,25,13,20
2015/08/13,15-094,21,24,22,08,04,01,46
2015/08/11,15-093,27,26,47,22,28,36,12
2015/08/08,15-092,12,25,46,10,42,19,37
2015/08/06,15-091,23,41,40,22,42,35,16
2015/08/04,15-090,15,13,05,09,21,23,12
2015/08/01,15-089,32,47,14,31,28,20,18
2015/07/30,15-088,11,48,24,17,05,04,46
2015/07/28,15-087,32,25,33,35,34,12,45
2015/07/26,15-086,15,11,28,30,04,26,13
2015/07/23,15-085,45,49,40,33,10,43,38
2015/07/21,15-084,42,41,15,19,14,04,10
2015/07/18,15-083,20,23,13,24,46,47,39
2015/07/16,15-082,38,35,22,18,23,16,25
2015/07/14,15-081,07,10,13,38,20,08,05
2015/07/11,15-080,17,22,05,28,02,27,37
2015/07/07,15-079,40,28,29,38,19,09,33
2015/07/04,15-078,47,34,09,32,24,43,35
2015/07/02,15-077,11,04,48,44,23,32,49
2015/06/30,15-076,21,27,12,14,38,43,15
2015/06/28,15-075,43,41,09,08,33,18,15
2015/06/25,15-074,40,28,49,26,01,05,15
2015/06/23,15-073,33,42,26,03,10,46,44
2015/06/20,15-072,34,16,12,48,31,42,37
2015/06/18,15-071,12,46,11,35,24,04,03
2015/06/16,15-070,13,26,44,40,24,16,42
2015/06/13,15-069,26,33,12,24,25,10,23
2015/06/11,15-068,44,35,10,13,38,42,27
2015/06/09,15-067,20,16,07,17,25,12,31
2015/06/06,15-066,22,27,09,11,49,14,44
2015/06/04,15-065,24,49,31,28,39,18,44
2015/06/02,15-064,11,21,38,42,12,15,25
2015/05/30,15-063,42,09,45,36,28,16,02
2015/05/28,15-062,02,47,44,07,23,20,30
2015/05/26,15-061,07,45,42,37,10,15,41
2015/05/23,15-060,43,44,45,05,13,10,07
2015/05/21,15-059,16,19,47,18,36,42,46
2015/05/19,15-058,48,37,27,28,21,33,13
2015/05/17,15-057,36,21,44,32,37,46,47
2015/05/14,15-056,48,05,17,22,34,38,02
2015/05/12,15-055,26,03,15,07,25,47,10
2015/05/10,15-054,02,15,39,44,38,13,08
2015/05/07,15-053,14,21,25,07,03,29,06
2015/05/05,15-052,11,42,43,49,13,41,29
2015/05/02,15-051,16,49,26,10,07,12,40
2015/04/30,15-050,08,36,30,42,06,34,12
2015/04/28,15-049,36,08,28,01,31,45,09
2015/04/25,15-048,19,24,36,12,49,21,23
2015/04/23,15-047,08,04,03,36,07,26,31
2015/04/21,15-046,24,13,48,03,20,43,49
2015/04/18,15-045,31,29,47,41,12,17,38
2015/04/16,15-044,05,20,35,01,39,03,28
2015/04/14,15-043,30,40,35,42,31,48,06
2015/04/11,15-042,19,17,06,20,18,42,25
2015/04/09,15-041,11,34,38,31,37,10,14
2015/04/06,15-040,43,21,46,42,26,24,04
2015/04/04,15-039,26,44,45,29,12,09,19
2015/04/02,15-038,04,42,37,12,20,47,35
2015/03/31,15-037,27,46,10,36,02,05,07
2015/03/28,15-036,37,11,16,29,06,30,34
2015/03/26,15-035,39,06,02,09,49,16,29
2015/03/24,15-034,42,37,02,05,44,13,27
2015/03/22,15-033,26,34,38,07,33,30,05
2015/03/19,15-032,31,30,43,15,17,12,46
2015/03/17,15-031,01,11,05,47,34,23,14
2015/03/14,15-030,29,04,21,37,25,32,27
2015/03/12,15-029,23,14,25,37,24,17,34
2015/03/10,15-028,22,45,01,27,48,18,25
2015/03/07,15-027,32,08,49,06,16,12,37
2015/03/05,15-026,10,38,20,02,06,40,46
2015/03/03,15-025,17,25,46,27,13,49,19
2015/02/28,15-024,23,06,09,43,25,41,38
2015/02/26,15-023,22,20,25,33,12,10,27
2015/02/24,15-022,48,17,32,28,33,18,37
2015/02/22,15-021,42,46,29,28,15,20,35
2015/02/17,15-020,44,22,28,33,14,46,25
2015/02/14,15-019,10,25,21,35,12,02,26
2015/02/12,15-018,31,14,07,10,09,22,35
2015/02/10,15-017,30,23,02,41,34,17,14
2015/02/08,15-016,17,18,05,07,27,48,30
2015/02/05,15-015,22,18,17,13,16,45,10
2015/02/03,15-014,49,43,11,36,47,34,21
2015/01/31,15-013,46,47,14,07,17,05,27
2015/01/29,15-012,29,25,32,06,15,46,09
2015/01/27,15-011,05,10,13,28,35,04,12
2015/01/24,15-010,18,17,26,20,32,31,06
2015/01/22,15-009,42,30,46,08,21,16,32
2015/01/20,15-008,29,13,09,15,05,07,47
2015/01/17,15-007,27,14,25,15,30,16,11
2015/01/15,15-006,14,49,01,43,02,37,24
2015/01/13,15-005,37,40,43,21,27,16,14
2015/01/11,15-004,47,21,10,40,24,33,05
2015/01/08,15-003,08,28,44,18,37,19,13
2015/01/06,15-002,14,16,18,03,49,38,29
2015/01/03,15-001,44,42,15,35,08,31,39
2014/12/31,14-152,32,37,19,25,33,10,27
2014/12/29,14-151,01,40,30,39,25,33,07
2014/12/27,14-150,28,15,31,32,14,48,40
2014/12/25,14-149,19,47,24,46,12,43,30
2014/12/23,14-148,35,01,47,12,04,14,33
2014/12/21,14-147,43,36,37,25,30,02,22
2014/12/18,14-146,08,10,25,06,29,21,33
2014/12/16,14-145,01,42,31,07,14,34,16
2014/12/13,14-144,12,17,48,20,14,40,19
2014/12/11,14-143,32,07,01,35,13,39,31
2014/12/09,14-142,41,03,13,04,29,31,46
2014/12/06,14-141,21,17,40,18,25,48,16
2014/12/04,14-140,01,20,33,27,36,08,35
2014/12/02,14-139,47,27,04,13,49,01,33
2014/11/29,14-138,33,37,07,26,29,32,31
2014/11/27,14-137,02,45,22,20,40,30,44
2014/11/25,14-136,47,06,44,41,35,42,19
2014/11/22,14-135,12,27,32,17,33,02,44
2014/11/20,14-134,33,16,08,46,19,35,12
2014/11/18,14-133,17,02,06,37,49,24,46
2014/11/16,14-132,34,33,15,43,32,07,10
2014/11/13.14-131,36,49,21,42,41,46,06
2014/11/11,14-130,05,49,09,03,48,19,26
2014/11/08,14-129,07,08,32,15,34,39,43
2014/11/06,14-128,29,04,12,14,48,10,03
2014/11/04,14-127,38,30,23,16,29,37,33
2014/11/01,14-126,20,44,26,09,10,11,31
2014/10/30,14-125,49,36,03,47,29,19,33
2014/10/28,14-124,30,37,16,47,26,43,31
2014/10/25,14-123,40,39,41,13,01,43,18
2014/10/23,14-122,11,29,28,41,14,37,19
2014/10/21,14-121,29,06,18,34,17,09,42
2014/10/18,14-120,19,47,22,12,40,36,25
2014/10/16,14-119,34,39,48,04,49,09,18
2014/10/14,14-118,08,05,17,37,01,20,33
2014/10/11,14-117,37,29,35,26,34,47,08
2014/10/09,14-116,12,02,23,46,40,14,39
2014/10/07,14-115,49,33,42,12,13,26,48
2014/10/04,14-114,05,45,14,24,27,22,08
2014/10/02,14-113,10,04,24,29,33,35,07
2014/09/30,14-112,10,16,20,46,39,45,47
2014/09/28,14-111,10,28,06,35,26,12,24
2014/09/25,14-110,48,19,49,42,44,03,38
2014/09/23,14-109,13,28,43,41,12,20,23
2014/09/20,14-108,38,32,48,03,16,40,27
2014/09/18,14-107,45,25,16,27,06,20,29
2014/09/16,14-106,17,22,43,04,34,15,35
2014/09/13,14-105,43,48,03,12,40,49,32
2014/09/09,14-104,07,39,27,36,25,42,31
2014/09/04,14-103,11,34,36,43,14,46,01
2014/09/02,14-102,45,43,37,26,47,28,25
2014/08/30,14-101,15,27,18,24,49,39,06
2014/08/28,14-100,38,17,27,11,24,31,49
2014/08/26,14-099,44,33,25,37,32,29,47
2014/08/23,14-098,14,24,38,32,12,04,13
2014/08/21,14-097,31,10,30,14,29,26,18 
2014/08/19,14-096,42,27,02,46,32,05,16
2014/08/16,14-095,42,27,37,23,26,46,15
2014/08/14,14-094,14,49,04,48,08,23,11
2014/08/12,14-093,27,39,31,09,07,36,32
2014/08/09,14-092,15,41,31,01,33,09,37
2014/08/07,14-091,46,32,14,31,36,05,11
2014/08/05,14-090,07,24,29,08,18,05,14
2014/08/02,14-089,42,23,48,26,22,03,28
2014/07/31,14-088,12,35,44,22,48,27,38
2014/07/29,14-087,11,13,31,37,15,47,19
2014/07/26,14-086,17,36,04,01,15,42,40
2014/07/24,14-085,38,04,31,36,05,21,14
2014/07/22,14-084,14,01,16,03,41,24,13
2014/07/19,14-083,48,41,30,09,40,01,49
2014/07/17,14-082,20,28,42,43,01,30,10
2014/07/15,14-081,41,32,09,42,02,05,44
2014/07/12,14-080,11,40,03,49,13,23,43
2014/07/10,14-079,17,25,01,09,22,02,08
2014/07/08,14-078,16,38,04,22,39,27,36
2014/07/05,14-077,36,32,10,38,14,37,47
2014/07/03,14-076,48,17,37,14,43,34,20
2014/06/29,14-075,15,23,46,38,47,26,21
2014/06/26,14-074,42,48,47,20,02,40,28
2014/06/24,14-073,30,31,25,35,18,24,36
2014/06/21,14-072,49,45,17,37,02,40,48
2014/06/19,14-071,30,31,24,44,03,17,07
2014/06/17,14-070,16,23,45,15,04,03,21
2014/06/12,14-069,03,44,21,18,41,45,15
2014/06/10,14-068,30,32,01,35,44,37,40
2014/06/07,14-067,04,08,44,13,19,48,27
2014/06/04,14-066,40,25,33,46,10,11,06
2014/06/02,14-065,39,03,19,13,36,20,15
2014/05/31,14-064,47,28,32,37,02,10,31
2014/05/29,14-063,48,04,26,24,14,19,35
2014/05/27,14-062,30,16,10,34,44,03,01
2014/05/24,14-061,41,02,14,04,39,30,49
2014/05/22,14-060,17,37,31,09,28,35,19
2014/05/20,14-059,10,33,16,44,34,47,06
2014/05/18,14-058,21,37,45,27,09,12,07
2014/05/15,14-057,16,12,24,09,35,34,07
2014/05/13,14-056,35,09,32,20,22,41,08
2014/05/11,14-055,26,38,45,49,16,11,05
2014/05/08,14-054,37,12,39,02,30,10,48
2014/05/06,14-053,10,33,23,39,36,44,30
2014/05/03,14-052,13,30,02,16,06,36,25
2014/05/01,14-051,28,37,01,14,29,43,30
2014/04/29,14-050,26,15,02,08,45,37,14
2014/04/26,14-049,47,09,12,36,27,22,46
2014/04/24,14-048,39,28,40,17,01,32,16
2014/04/22,14-047,29,01,41,12,03,36,14
2014/04/19,14-046,46,47,21,32,20,35,03
2014/04/17,14-045,24,14,12,45,17,23,42
2014/04/15,14-044,41,06,45,14,28,16,27
2014/04/12,14-043,43,45,18,20,28,06,13
2014/04/10,14-042,31,49,18,21,42,04,25
2014/04/08,14-041,24,47,45,11,31,46,06
2014/04/05,14-040,44,39,45,10,19,38,31
2014/04/03,14-039,25,26,04,28,27,09,03
2014/04/01,14-038,36,48,43,49,33,22,25
2014/03/29,14-037,18,24,10,33,12,02,11
2014/03/27,14-036,35,45,49,07,42,23,36
2014/03/25,14-035,36,22,35,44,28,45,06
2014/03/22,14-034,20,34,26,21,11,49,04
2014/03/20,14-033,01,37,09,48,18,25,14
2014/03/18,14-032,42,17,02,48,23,35,27
2014/03/15,14-031,29,46,02,24,21,15,27
2014/03/13,14-030,07,20,19,22,10,17,30
2014/03/11,14-029,33,30,28,06,15,04,27
2014/03/08,14-028,02,16,17,32,24,03,40
2014/03/06,14-027,46,39,27,06,10,20,38
2014/03/04,14-026,27,19,33,03,13,16,22
2014/03/02,14-025,21,46,16,19,11,38,34
2014/02/27,14-024,35,28,09,15,24,05,44
2014/02/25,14-023,08,43,40,39,41,26,05
2014/02/22,14-022,24,35,33,23,29,02,14
2014/02/20,14-021,26,31,05,24,03,40,45
2014/02/18,14-020,21,23,15,34,25,45,35
2014/02/15,14-019,02,32,30,36,14,45,11
2014/02/13,14-018,40,19,46,25,49,23,30
2014/02/11,14-017,29,24,07,27,25,10,19
2014/02/09,14-016,47,20,35,21,37,48,14
2014/02/06,14-015,37,26,27,32,33,45,39
2014/02/04,14-014,49,15,48,11,13,39,37
2014/01/30,14-013,26,36,16,03,02,04,45
2014/01/28,14-012,30,20,37,04,27,31,18
2014/01/25,14-011,38,37,43,05,20,48,06
2014/01/23,14-010,04,18,21,31,27,05,07
2014/01/21,14-009,23,20,34,37,49,08,44
2014/01/18,14-008,28,44,18,17,03,26,38
2014/01/16,14-007,09,37,18,17,16,15,33
2014/01/14,14-006,09,11,33,31,34,27,21
2014/01/12,14-005,36,39,44,16,42,03,17
2014/01/09,14-004,15,28,04,39,45,16,25
2014/01/07,14-003,31,09,38,41,16,30,46
2014/01/04,14-002,31,49,16,32,06,44,43
2014/01/02,14-001,43,38,01,46,36,49,21
2013/12/31,13-152,42,40,44,07,12,09,14
2013/12/28,13-151,32,43,09,42,20,04,05
2013/12/25,13-150,04,47,45,21,49,25,06
2013/12/22,13-149,49,18,43,13,41,12,39
2013/12/19,13-148,04,47,39,31,14,43,27
2013/12/17,13-147,19,33,01,20,08,15,47
2013/12/14,13-146,49,38,15,06,46,14,29
2013/12/12,13-145,34,24,10,19,31,28,27
2013/12/10,13-144,46,17,30,36,01,08,16
2013/12/07,13-143,41,24,26,18,44,05,20
2013/12/05,13-142,26,19,46,16,17,01,29
2013/12/03,13-141,40,39,17,01,29,24,21
2013/11/30,13-140,34,02,45,15,42,19,14
2013/11/28,13-139,03,06,33,34,21,43,09 
2013/11/26,13-138,09,31,44,10,34,12,18
2013/11/23,13-137,21,41,30,03,20,18,13
2013/11/21,13-136,06,25,23,08,49,03,04
2013/11/19,13-135,27,49,35,12,47,44,36
2013/11/16,13-134,01,43,08,17,39,32,48
2013/11/14,13-133,08,25,03,34,10,29,32
2013/11/12,13-132,28,49,19,21,47,18,46
2013/11/10,13-131,32,13,35,39,42,31,16
2013/11/07,13-130,09,04,14,26,30,42,21
2013/11/05,13-129,38,04,42,22,25,37,20
2013/11/02,13-128,18,08,29,34,19,31,36
2013/10/31,13-127,43,47,02,29,09,46,21
2013/10/29,13-126,25,34,47,22,01,20,17
2013/10/26,13-125,38,48,47,06,30,15,40
2013/10/24,13-124,10,24,44,43,09,22,30
2013/10/22,13-123,34,49,36,09,05,41,26
2013/10/19,13-122,31,01,44,47,41,10,18
2013/10/17,13-121,01,45,35,24,44,11,49
2013/10/15,13-120,20,41,33,04,46,27,12
2013/10/13,13-119,42,48,24,28,37,35,38
2013/10/10,13-118,16,09,08,38,17,11,20
2013/10/08,13-117,07,03,27,01,06,15,30
2013/10/05,13-116,09,31,29,04,06,36,20
2013/10/03,13-115,26,32,14,41,35,17,15
2013/09/30,13-114,43,44,40,01,11,29,04
2013/09/28,13-113,33,39,49,43,48,40,34
2013/09/26,13-112,11,06,09,03,28,07,34
2013/09/24,13-111,26,13,25,30,29,39,19
2013/09/21,13-110,47,39,22,35,25,36,31
2013/09/19,13-109,45,18,03,49,15,26,41
2013/09/16,13-108,39,22,47,31,45,17,49
2013/09/14,13-107,39,29,47,40,21,06,33
2013/09/12,13-106,14,48,31,26,01,28,36
2013/09/10,13-105,49,39,12,19,08,48,17
2013/09/07,13-104,28,30,18,07,17,10,06
2013/09/05,13-103,49,07,29,22,01,28,37
2013/09/03,13-102,21,39,35,26,25,33,17
2013/08/31,13-101,42,03,06,17,18,43,36
2013/08/29,13-100,38,28,35,25,47,24,16
2013/08/27,13-099,14,09,29,36,30,32,20
2013/08/24,13-098,20,10,06,15,14,03,33
2013/08/22,13-097,01,41,16,49,25,33,46
2013/08/20,13-096,15,31,14,13,46,48,36
2013/08/17,13-095,30,14,09,32,31,49,01
2013/08/15,13-094,42,31,22,10,26,16,23
2013/08/13,13-093,41,06,42,49,31,01,44
2013/08/10,13-092,03,30,41,20,44,10,31
2013/08/08,13-091,13,26,25,23,15,29,09
2013/08/06,13-090,44,11,32,04,15,19,42
2013/08/03,13-089,23,12,06,05,39,38,48
2013/08/01,13-088,08,22,06,20,10,19,42
2013/07/30,13-087,33,44,42,31,12,08,49
2013/07/27,13-086,07,28,01,03,36,22,21
2013/07/25,13-085,49,34,23,27,20,32,30
2013/07/23,13-084,32,28,17,08,06,22,20
2013/07/21,13-083,26,33,17,03,20,47,34
2013/07/18,13-082,14,46,36,18,28,32,44
2013/07/16,13-081,03,18,19,37,47,20,25
2013/07/13,13-080,07,32,18,14,23,46,42
2013/07/11,13-079,38,45,39,14,28,26,08
2013/07/09,13-078,01,15,46,38,04,40,49
2013/07/06,13-077,43,29,06,09,47,27,17
2013/07/02,13-076,45,28,19,43,33,07,13
2013/06/29,13-075,34,01,26,04,37,03,14
2013/06/27,13-074,47,48,16,37,34,42,17
2013/06/25,13-073,35,40,20,38,17,29,22
2013/06/22,13-072,23,40,42,25,46,34,39
2013/06/20,13-071,29,46,11,31,14,16,30
2013/06/18,13-070,09,47,22,31,45,23,39
2013/06/15,13-069,42,27,29,14,45,09,44
2013/06/13,13-068,43,11,03,32,26,35,01
2013/06/11,13-067,01,35,40,39,21,14,05
2013/06/09,13-066,44,42,15,22,24,18,28
2013/06/06,13-065,48,10,16,32,28,20,30
2013/06/04,13-064,40,09,48,26,17,36,02
2013/06/01,13-063,27,01,23,36,49,45,07
2013/05/30,13-062,22,17,27,36,46,15,23
2013/05/28,13-061,01,06,05,25,04,09,27
2013/05/25,13-060,25,10,40,03,08,26,38
2013/05/23,13-059,47,12,24,49,45,27,06
2013/05/21,13-058,11,16,31,18,23,12,36
2013/05/19,13-057,43,48,04,24,30,14,34
2013/05/16,13-056,48,07,42,32,27,18,17
2013/05/14,13-055,44,02,16,19,47,11,27
2013/05/12,13-054,16,20,01,11,06,25,22
2013/05/09,13-053,14,34,16,12,15,22,13
2013/05/07,13-052,29,14,37,09,05,24,36
2013/05/04,13-051,29,40,44,10,01,49,33
2013/05/02,13-050,31,28,05,01,44,46,14
2013/04/30,13-049,18,04,49,30,31,24,36
2013/04/27,13-048,26,07,23,16,04,28,09
2013/04/25,13-047,22,17,14,38,15,48,19
2013/04/23,13-046,07,41,35,29,23,20,06
2013/04/21,13-045,09,15,10,40,33,49,48
2013/04/18,13-044,39,04,22,05,14,17,09
2013/04/16,13-043,21,27,15,43,38,11,48
2013/04/13,13-042,47,08,46,40,16,29,18
2013/04/11,13-041,11,20,24,18,49,29,02
2013/04/09,13-040,28,35,43,02,03,25,39
2013/04/06,13-039,16,41,10,12,48,29,25
2013/04/04,13-038,27,02,07,11,17,15,04
2013/04/02,13-037,46,33,02,31,04,09,05
2013/03/30,13-036,25,06,34,43,19,04,17
2013/03/28,13-035,38,17,44,31,12,45,43
2013/03/26,13-034,40,26,35,15,44,10,11
2013/03/23,13-033,17,06,09,33,42,25,27
2013/03/21,13-032,13,04,42,39,01,22,34
2013/03/19,13-031,15,34,29,12,28,03,08
2013/03/16,13-030,31,09,41,47,45,06,18
2013/03/14,13-029,46,04,16,17,03,15,12
2013/03/12,13-028,17,30,38,15,45,13,04
2013/03/09,13-027,43,09,40,18,24,34,28
2013/03/07,13-026,08,24,35,41,09,39,02
2013/03/05,13-025,36,06,04,43,08,35,05
2013/03/03,13-024,08,31,39,07,35,26,37
2013/02/28,13-023,26,10,28,30,11,23,17
2013/02/26,13-022,36,16,04,15,01,18,21
2013/02/23,13-021,36,19,35,30,12,23,15
2013/02/21,13-020,32,14,22,21,11,49,07
2013/02/19,13-019,19,18,32,44,40,05,34
2013/02/16,13-018,30,03,12,35,37,38,18
2013/02/14,13-017,27,16,24,48,11,36,47
2013/02/09,13-016,47,46,04,35,10,08,32
2013/02/07,13-015,33,12,18,03,22,08,37
2013/02/05,13-014,31,45,19,05,32,34,13
2013/02/03,13-013,02,47,48,23,39,17,22
2013/01/31,13-012,22,16,46,35,38,27,32
2013/01/29,13-011,08,36,44,26,47,20,28
2013/01/26,13-010,29,48,45,42,02,41,05
2013/01/24,13-009,01,49,09,03,02,20,24
2013/01/22,13-008,22,20,04,37,02,30,01
2013/01/19,13-007,31,03,19,21,12,48,26
2013/01/17,13-006,43,44,02,25,08,14,11
2013/01/15,13-005,24,31,27,03,04,07,13
2013/01/13,13-004,06,03,31,49,19,21,07
2013/01/10,13-003,02,45,41,09,24,34,48
2013/01/08,13-002,14,19,29,49,21,20,07
2013/01/03,13-001,48,46,33,32,25,17,39
2012/12/31,12-152,06,48,30,05,25,32,45
2012/12/29,12-151,01,11,33,06,39,09,40
2012/12/27,12-150,47,29,07,44,04,39,23
2012/12/25,12-149,24,46,18,49,23,12,14
2012/12/23,12-148,09,27,34,28,32,43,02
2012/12/20,12-147,36,40,04,34,25,12,49
2012/12/18,12-146,21,08,14,41,48,45,34
2012/12/15,12-145,18,28,41,33,21,47,48
2012/12/13,12-144,42,47,09,06,29,31,14
2012/12/11,12-143,42,49,15,02,28,41,24
2012/12/08,12-142,47,22,34,15,30,33,38
2012/12/06,12-141,01,41,43,06,38,45,48
2012/12/04,12-140,10,18,11,37,47,07,04
2012/12/01,12-139,36,10,17,38,27,16,47
2012/11/29,12-138,13,32,28,17,26,34,06
2012/11/27,12-137,47,08,21,20,34,24,10
2012/11/24,12-136,04,15,02,03,40,23,13
2012/11/22,12-135,49,09,22,26,30,44,31
2012/11/20,12-134,45,02,11,20,37,47,13
2012/11/17,12-133,12,07,24,39,43,48,30
2012/11/15,12-132,46,20,36,41,18,48,21
2012/11/13,12-131,29,05,30,26,25,03,31
2012/11/11,12-130,26,45,47,35,28,09,25
2012/11/08,12-129,47,26,37,44,31,15,43
2012/11/06,12-128,37,39,06,28,08,01,42
2012/11/03,12-127,36,33,46,12,01,48,41
2012/11/01,12-126,18,34,28,24,42,15,02
2012/10/30,12-125,40,01,28,34,20,30,19
2012/10/27,12-124,34,36,26,28,30,39,01
2012/10/25,12-123,40,17,43,23,41,08,28
2012/10/23,12-122,11,29,45,47,28,41,21
2012/10/20,12-121,31,04,19,44,34,37,06
2012/10/18,12-120,10,06,04,16,29,14,26
2012/10/16,12-119,35,27,09,44,39,17,40
2012/10/13,12-118,26,05,11,33,41,06,04
2012/10/11,12-117,46,18,40,11,01,03,35
2012/10/09,12-116,21,22,36,15,27,17,16
2012/10/07,12-115,01,10,47,29,12,13,09
2012/10/02,12-114,33,12,37,24,44,25,13
2012/09/29,12-113,02,17,26,16,08,20,32
2012/09/27,12-112,17,03,40,15,10,01,28
2012/09/25,12-111,01,28,17,04,32,20,47
2012/09/22,12-110,02,49,38,35,33,13,40
2012/09/18,12-109,27,15,43,38,42,26,39
2012/09/15,12-108,27,18,07,21,48,06,42
2012/09/13,12-107,16,22,42,31,20,48,43
2012/09/11,12-106,11,41,25,27,04,39,43
2012/09/09,12-105,04,15,27,34,07,12,37
2012/09/06,12-104,06,38,43,13,41,33,29
2012/09/04,12-103,45,43,24,20,36,34,03
2012/09/01,12-102,21,19,12,15,09,47,38
2012/08/30,12-101,21,11,26,34,07,15,38
2012/08/28,12-100,17,07,49,29,24,47,45
2012/08/25,12-099,21,47,38,07,22,03,27
2012/08/23,12-098,15,13,25,45,28,47,05
2012/08/21,12-097,36,01,12,38,07,17,48
2012/08/18,12-096,07,10,32,34,22,48,45
2012/08/16,12-095,19,05,23,06,13,34,08
2012/08/14,12-094,47,34,16,37,13,02,28
2012/08/11,12-093,05,42,41,31,11,12,16
2012/08/09,12-092,22,13,20,46,10,42,48
2012/08/07,12-091,02,40,09,13,46,44,10
2012/08/04,12-090,42,20,49,15,08,41,12
2012/08/02,12-089,49,09,11,12,22,28,07
2012/07/31,12-088,02,35,23,16,47,10,01
2012/07/28,12-087,18,44,45,25,38,40,05
2012/07/26,12-086,22,11,44,24,09,13,32
2012/07/24,12-085,22,23,15,45,11,10,31
2012/07/21,12-084,19,23,07,45,34,30,13
2012/07/19,12-083,30,46,34,20,09,35,29
2012/07/17,12-082,24,30,11,08,49,17,03
2012/07/14,12-081,24,02,06,41,46,16,27
2012/07/12,12-080,40,33,44,02,39,13,43
2012/07/10,12-079,07,04,13,28,49,36,03
2012/07/07,12-078,22,46,04,01,05,44,37
2012/07/05,12-077,02,24,03,26,11,27,44
2012/07/03,12-076,06,12,14,31,10,38,20
2012/06/30,12-075,10,37,32,28,13,41,01
2012/06/28,12-074,03,36,19,27,06,14,24
2012/06/26,12-073,06,19,26,37,28,49,47
2012/06/23,12-072,34,09,40,14,17,48,39
2012/06/21,12-071,35,02,08,05,13,17,28
2012/06/19,12-070,42,48,26,10,13,40,24
2012/06/16,12-069,07,29,04,06,13,02,09
2012/06/12,12-068,30,16,36,14,07,25,32
2012/06/10,12-067,08,44,37,15,18,39,06
2012/06/07,12-066,39,17,04,48,20,29,09
2012/06/05,12-065,43,21,34,10,26,35,37
2012/06/02,12-064,43,19,47,20,09,14,37
2012/05/31,12-063,09,04,39,47,24,31,38
2012/05/29,12-062,18,08,31,37,22,20,46
2012/05/26,12-061,09,20,10,38,49,22,07
2012/05/24,12-060,02,05,08,40,29,47,34
2012/05/22,12-059,08,01,26,32,22,37,41
2012/05/20,12-058,41,23,47,26,17,03,33
2012/05/17,12-057,27,01,10,15,37,21,40
2012/05/15,12-056,23,14,33,05,22,16,32
2012/05/13,12-055,21,30,34,45,39,16,04
2012/05/10,12-054,17,23,46,32,34,13,41
2012/05/08,12-053,33,09,04,17,34,10,35
2012/05/05,12-052,04,17,11,49,29,39,08
2012/05/03,12-051,46,02,47,49,28,20,03
2012/05/01,12-050,32,33,19,26,05,17,22
2012/04/28,12-049,20,19,17,11,29,32,38
2012/04/26,12-048,17,30,11,07,22,10,14
2012/04/24,12-047,28,17,29,34,31,01,45
2012/04/22,12-046,03,41,21,11,42,01,02
2012/04/19,12-045,41,05,12,13,37,20,23
2012/04/17,12-044,07,06,17,46,35,19,04
2012/04/14,12-043,03,40,15,20,32,19,25
2012/04/12,12-042,16,02,25,28,17,11,41
2012/04/10,12-041,04,47,11,16,42,26,06
2012/04/07,12-040,24,49,03,14,22,34,44
2012/04/05,12-039,17,45,13,15,18,41,14
2012/04/03,12-038,46,21,47,28,20,44,42
2012/03/31,12-037,33,44,30,11,19,37,18
2012/03/29,12-036,21,28,16,10,31,29,08
2012/03/27,12-035,25,17,43,02,07,30,38
2012/03/24,12-034,49,23,35,32,03,43,34
2012/03/22,12-033,02,47,38,48,49,35,41
2012/03/20,12-032,46,13,44,29,11,18,37
2012/03/17,12-031,18,13,23,04,45,06,15
2012/03/15,12-030,34,28,49,04,31,48,06
2012/03/13,12-029,07,26,43,47,08,48,12
2012/03/11,12-028,42,23,48,33,39,10,34
2012/03/08,12-027,03,36,35,05,17,09,43
2012/03/06,12-026,07,36,33,28,03,31,32
2012/03/03,12-025,01,04,08,28,21,03,05
2012/03/01,12-024,31,40,34,30,47,25,13
2012/02/28,12-023,24,08,37,49,28,09,47
2012/02/25,12-022,49,26,27,14,24,12,22
2012/02/23,12-021,47,22,15,05,01,43,37
2012/02/21,12-020,49,01,15,35,11,12,17
2012/02/18,12-019,05,16,41,46,12,17,15
2012/02/16,12-018,25,44,04,12,42,18,08
2012/02/14,12-017,37,10,14,49,39,21,25
2012/02/12,12-016,39,34,09,41,33,07,48
2012/02/09,12-015,12,33,34,20,03,41,43
2012/02/07,12-014,11,30,41,45,16,34,47
2012/02/04,12-013,06,20,27,12,16,38,07
2012/02/02,12-012,45,14,20,38,46,21,47
2012/01/31,12-011,29,42,46,28,27,22,49
2012/01/26,12-010,10,34,03,11,29,17,15
2012/01/22,12-009,20,47,10,18,14,34,41
2012/01/19,12-008,18,14,02,39,25,01,31
2012/01/17,12-007,36,24,44,16,35,23,01
2012/01/14,12-006,36,10,24,13,20,29,14
2012/01/12,12-005,44,36,27,48,15,32,47
2012/01/10,12-004,26,31,35,20,03,32,12
2012/01/07,12-003,31,03,07,32,10,35,30
2012/01/05,12-002,33,48,11,46,09,43,02
2012/01/03,12-001,31,05,12,37,45,34,10
2011/12/31,11-154,27,03,44,40,02,49,38
2011/12/29,11-153,39,23,07,21,10,29,01
2011/12/26,11-152,30,08,37,48,38,31,05
2011/12/24,11-151,27,17,24,04,01,43,41
2011/12/22,11-150,49,37,05,18,16,28,24
2011/12/20,11-149,43,31,26,29,49,37,02
2011/12/18,11-148,01,38,35,23,02,46,05
2011/12/15,11-147,21,29,43,47,09,34,32
2011/12/13,11-146,40,36,38,03,25,32,31
2011/12/10,11-145,03,42,21,25,14,27,34
2011/12/08,11-144,20,28,22,36,48,05,01
2011/12/06,11-143,05,01,11,02,43,06,25
2011/12/03,11-142,18,37,03,02,09,23,31
2011/12/01,11-141,22,33,01,08,28,03,05
2011/11/29,11-140,13,06,42,40,37,03,29
2011/11/26,11-139,39,33,47,42,22,04,14
2011/11/24,11-138,35,03,41,38,05,19,32
2011/11/22,11-137,24,43,21,47,31,07,05
2011/11/19,11-136,14,22,13,10,47,12,21
2011/11/17,11-135,03,44,42,23,06,24,35
2011/11/15,11-134,14,30,26,25,11,07,29
2011/11/12,11-133,17,33,42,10,29,48,35
2011/11/10,11-132,04,37,49,20,07,09,33
2011/11/08,11-131,30,23,34,02,40,42,48
2011/11/06,11-130,03,16,11,01,07,34,49
2011/11/03,11-129,03,01,34,44,41,21,43
2011/11/01,11-128,19,08,21,15,24,44,10
2011/10/29,11-127,12,15,17,39,05,18,47
2011/10/27,11-126,46,48,22,01,43,09,49
2011/10/25,11-125,26,35,22,29,27,17,44
2011/10/22,11-124,01,11,20,18,26,30,47
2011/10/20,11-123,32,16,34,23,35,02,40
2011/10/18,11-122,23,37,48,09,04,47,14
2011/10/15,11-121,37,41,11,24.43,28,13
2011/10/13,11-120,33,30,40,28,02,08,23
2011/10/11,11-119,33,25,06,22,02,39,46
2011/10/08,11-118,24,37,41,04,08,26,33
2011/10/04,11-117,39,01,37,09,04,15,47
2011/10/02,11-116,37,22,41,09,14,45,05
2011/09/27.11-115.37,04,23,22,49,40,13
2011/09/24,11-114,34,40,16,18,28,06,38
2011/09/22,11-113,39,44,10,08,27,19,06
2011/09/20,11-112,40,10,47,48,27,33,13
2011/09/17,11-111,14,06,43,25,35,12,42
2011/09/15,11-110,49,29,13,41,05,07,25
2011/09/13,11-109,46,16,28,13,19,11,22
2011/09/10,11-108,49,19,15,36,44,45,16
2011/09/08,11-107,44,30,39,18,14,22,32
2011/09/06,11-106,21,44,07,04,23,01,17
2011/09/04,11-105,22,21,04,46,18,39,29
2011/09/02,11-104,44,49,33,34,02,29,42
2011/08/30,11-103,48,46,49,09,15,24,06
2011/08/27,11-102,10,09,27,29,19,45,30
2011/08/25,11-101,25,28,10,20,06,17,02
2011/08/23,11-100,41,24,25,36,11,45,40
2011/08/20,11-099,15,47,17,13,26,23,01
2011/08/18,11-098,45,17,43,14,05,49,12
2011/08/16,11-097,22,38,09,10,08,05,07
2011/08/13,11-096,31,23,11,49,37,18,10
2011/08/11,11-095,37,35,06,25,07,04,48
2011/08/09,11-094,48,05,25,45,11,06,34
2011/08/06,11-093,42,30,45,09,34,31,24
2011/08/04,11-092,25,32,34,02,11,39,31
2011/08/02,11-091,24,21,11,47,25,14,36
2011/07/30,11-090,46,47,06,45,44,29,30
2011/07/28,11-089,47,30,42,11,36,21,34
2011/07/26,11-088,35,26,15,34,41,25,10
2011/07/24,11-087,37,29,08,48,27,07,21
2011/07/21,11-086,30,28,26,49,06,18,22
2011/07/19.11-085,03,31,10,40,43,41,20
2011/07/16,11-084,11,20,31,48,49,17,35
2011/07/14,11-083,48,11,33,37,45,13,36
2011/07/12,11-082,41,16,28,33,18,45,29
2011/07/09,11-081,10,48,01,13,42,11,15
2011/07/07,11-080,35,10,29,40,14,46,30
2011/07/05,11-079,09,32,16,28,30,22,37
2011/07/02,11-078,35,31,34,05,13,33,27
2011/06/30,11-077,48,40,49,20,10,46,13
2011/06/28,11-076,15,17,04,45,43,47,38
2011/06/25,11-075,23,30,24,04,34,45,19
2011/06/23,11-074,02,32,15,27,49,43,42
2011/06/21,11-073,47,10,32,21,16,09,38
2011/06/18,11-072,38,44,14,49,48,16,39
2011/06/16,11-071,04,44,12,47,48,26,02
2011/06/14,11-070,48,39,19,13,22,12,46
2011/06/12,11-069,44,13,04,35,17,01,22
2011/06/09,11-068,05,42,06,03,39,15,35
2011/06/07,11-067,49,24,42,22,33,36,38
2011/06/04,11-066,46,33,36,49,07,08,18
2011/06/02,11-065,47,23,39,07,02,18,17
2011/05/31,11-064,04,24,10,01,30,39,08
2011/05/28,11-063,38,07,43,44,13,34,10
2011/05/26,11-062,48,05,06,37,44,22,23
2011/05/24,11-061,48,39,33,20,11,31,04
2011/05/22,11-060,45,36,47,17,22,15,35
2011/05/20,11-059,48,32,15,18,30,13,08
2011/05/17,11-058,35,49,12,27,46,14,31
2011/05/14,11-057,04,22,15,33,10,35,48
2011/05/12,11-056,04,45,09,39,25,28,30
2011/05/08,11-055,29,14,26,10,39,41,06
2011/05/05,11-054,05,32,48,20,15,06,22
2011/05/03,11-053,34,02,23,38,13,03,05
2011/04/30,11-052,30,34,23,10,29,09,36
2011/04/28,11-051,30,06,49,01,15,33,03
2011/04/26,11-050,30,25,29,15,11,49,47
2011/04/23,11-049,43,26,30,31,02,04,38
2011/04/21,11-048,26,22,09,01,06,10,35
2011/04/19,11-047,22,20,18,01,46,08,28
2011/04/16,11-046,17,16,01,36,26,31,45
2011/04/14,11-045,12,14,37,23,39,32,28
2011/04/12,11-044,09,02,04,31,12,21,10
2011/04/10,11-043,10,34,24,06,47,37,12
2011/04/07,11-042,26,21,31,43,05,01,22
2011/04/05,11-041,26,08,10,29,41,44,09
2011/04/02,11-040,03,31,15,36,12,49,11
2011/03/31,11-039,38,24,39,23,06,40,32
2011/03/29,11-038,20,49,09,02,24,01,43
2011/03/26,11-037,02,20,47,31,12,25,29
2011/03/24,11-036,17,16,10,42,43,38,13
2011/03/22,11-035,24,45,18,34,38,26,15
2011/03/19,11-034,41,33,31,24,08,12,20
2011/03/17,11-033,05,31,04,23,48,39,20
2011/03/15,11-032,15,16,11,04,35,42,09
2011/03/13,11-031,14,06,43,27,26,30,21
2011/03/10,11-030,06,21,49,02,45,46,28
2011/03/08,11-029,37,33,23,04,47,15,22
2011/03/05,11-028,34,29,02,25,16,07,10
2011/03/03,11-027,33,09,08,49,13,17,30
2011/03/01,11-026,45,04,30,43,41,25,29
2011/02/26,11-025,47,24,01,37,33,28,49
2011/02/24,11-024,30,26,07,29,41,27,44
2011/02/22,11-023,03,21,28,22,08,48,05
2011/02/19,11-022,16,13,42,18,23,34,40
2011/02/17,11-021,30,24,25,35,09,37,45
2011/02/15,11-020,38,16,41,17,27,18,30
2011/02/13,11-019,10,37,20,47,24,13,16
2011/02/10,11-018,36,09,20,18,03,02,12
2011/02/08,11-017,28,21,32,34,11,27,17
2011/02/06,11-016,31,01,16,27,47,02,19
2011/02/03,11-015,28,36,37,08,10,06,21
2011/02/01,11-014,46,32,08,22,48,01,09
2011/01/29,11-013,09,10,08,29,49,05,46
2011/01/27,11-012,06,25,35,14,29,01,48
2011/01/25,11-011,16,17,26,09,21,14,20
2011/01/22,11-010,15,49,45,39,01,30,37
2011/01/20,11-009,28,42,37,21,30,05,48
2011/01/18,11-008,41,15,09,21,33,31,37
2011/01/15,11-007,31,18,32,46,13,29,02
2011/01/13,11-006,17,25,19,36,44,40,10
2011/01/11,11-005,29,42,48,01,02,37,38
2011/01/08,11-004,12,27,21,33,10,18,04
2011/01/06,11-003,07,26,04,15,14,19,43
2011/01/04,11-002,20,39,16,09,38,04,40
2011/01/02,11-001,01,13,20,24,37,39,03
2010/12/30,10-152,13,04,18,39,36,20,12
2010/12/28,10-151,08,36,28,37,23,31,12
2010/12/25,10-150,04,43,01,13,02,48,11
2010/12/22,10-149,04,03,35,41,24,15,36
2010/12/20,10-148,04,41,12,18,16,05,07
2010/12/18,10-147,45,15,39,19,34,44,23
2010/12/16,10-146,18,13,29,19,12,27,10
2010/12/14,10-145,29,28,07,48,03,38,40
2010/12/11,10-144,27,15,24,30,18,22,10
2010/12/09,10-143,04,20,10,33,36,25,37
2010/12/07,10-142,28,12,13,20,18,48,14
2010/12/05,10-141,10,20,46,47,09,42,27
2010/12/02,10-140,11,06,17,40,41,31,34
2010/11/30,10-139,16,19,45,03,48,14,09
2010/11/27,10-138,26,44,13,43,17,25,42
2010/11/25,10-137,28,39,22,45,17,31,08
2010/11/23,10-136,30,10,24,11,01,49,35
2010/11/20,10-135,06,30,09,33,03,29,14
2010/11/18,10-134,30,06,47,20,33,39,23
2010/11/16,10-133,46,03,39,49,12,20,19
2010/11/13,10-132,21,28,48,47,07,18,35
2010/11/11,10-131,15,43,05,29,06,28,48
2010/11/09,10-130,41,45,43,49,15,04,18
2010/11/04,10-129,27,25,09,05,44,33,17
2010/11/02,10-128,36,17,24,05,45,25,15
2010/10/30,10-127,24,12,07,49,08,30,27
2010/10/28,10-126,08,47,31,36,17,09,46
2010/10/26,10-125,14,33,41,20,03,08,32
2010/10/23,10-124,28,33,42,01,41,45,08
2010/10/21,10-123,09,35,46,04,23,49,18
2010/10/19,10-122,38,29,43,20,02,39,37
2010/10/16,10-121,30,45,01,44,49,29,41
2010/10/14,10-120,47,10,26,42,07,04,13
2010/10/12,10-119,24,13,38,46,21,09,27
2010/10/09,10-118,22,37,45,44,41,42,27
2010/10/07,10-117,21,15,14,22,40,32,02
2010/10/05,10-116,29,16,08,31,05,06,12
2010/10/02,10-115,16,36,27,21,07,17,06
2010/09/30,10-114,26,18,22,21,29,09,27
2010/09/28,10-113,49,42,31,30,45,07,46
2010/09/25,10-112,39,23,30,37,16,43,05
2010/09/21,10-111,35,23,48,36,13,10,47
2010/09/19,10-110,40,26,33,19,12,17,25
2010/09/16,10-109,08,47,49,05,46,31,34
2010/09/14,10-108,03,22,39,04,07,30,06
2010/09/11,10-107,35,36,24,39,10,20,12
2010/09/09,10-106,19,34,37,04,02,41,05
2010/09/07,10-105,02,03,16,42,43,45,27
2010/09/04,10-104,17,25,34,43,19,45,47
2010/09/02,10-103,11,48,07,23,03,20,38
2010/08/30,10-102,46,06,39,49,40,16,41
2010/08/28,10-101,03,01,06,07,49,36,42
2010/08/26,10-100,10,09,01,36,07,44,37
2010/08/24,10-099,11,09,37,06,25,16,45
2010/08/21,10-098,49,34,40,21,37,18,28
2010/08/19,10-097,08,43,48,12,30,46,35
2010/08/17,10-096,25,02,35,08,05,22,16
2010/08/14,10-095,38,17,34,46,06,12,43
2010/08/12,10-094,29,17,42,06,48,33,34
2010/08/10,10-093,39,20,12,30,05,08,23
2010/08/07,10-092,46,45,34,18,41,03,37
2010/08/05,10-091,08,46,42,49,30,48,07
2010/08/03,10-090,17,09,35,31,26,36,42
2010/07/31,10-089,37,33,28,29,35,12,22
2010/07/29,10-088,12,38,41,49,13,44,22
2010/07/27,10-087,04,17,43,28,23,46,22
2010/07/24,10-086,42,33,15,06,25,22,24
2010/07/20,10-085,26,47,13,29,05,40,42
2010/07/17,10-084,07,34,12,40,48,30,33
2010/07/15,10-083,02,16,41,10,44,18,31
2010/07/13,10-082,05,25,48,43,02,03,24
2010/07/10,10-081,02,42,25,27,22,35,13
2010/07/08,10-080,40,04,47,16,46,43,27
2010/07/06,10-079,42,21,14,17,46,29,49
2010/07/03,10-078,02,49,14,13,45,21,19
2010/06/29,10-077,21,11,41,48,08,38,49
2010/06/26,10-076,20,07,15,41,13,21,02
2010/06/24,10-075,23,34,05,26,49,31,24
2010/06/22,10-074,04,09,20,02,35,40,44
2010/06/19,10-073,12,08,27,13,35,02,37
2010/06/17,10-072,45,48,11,42,15,05,14
2010/06/15,10-071,05,21,18,49,35,10,11
2010/06/13,10-070,21,20,02,40,19,11,43
2010/06/10,10-069,49,26,36,08,32,35,24
2010/06/08,10-068,08,07,23,47,21,12,10
2010/06/05,10-067,15,37,38,40,30,09,01
2010/06/03,10-066,42,19,44,16,26,05,06
2010/06/01,10-065,24,11,07,46,28,13,26
2010/05/29,10-064,16,26,04,25,33,42,30
2010/05/27,10-063,28,49,09,22,32,33,18
2010/05/25,10-062,14,40,43,30,18,46,27
2010/05/22,10-061,12,26,29,18,33,17,41
2010/05/20,10-060,22,37,11,10,04,15,49
2010/05/18,10-059,07,48,12,20,04,39,14
2010/05/15,10-058,44,39,32,47,29,01,17
2010/05/13,10-057,22,49,39,37,31,16,32
2010/05/11,10-056,40,35,34,15,29,26,09
2010/05/09,10-055,01,27,34,08,21,05,20
2010/05/06,10-054,37,40,31,02,39,38,44
2010/05/04,10-053,19,41,40,34,46,24,15
2010/05/02,10-052,26,41,28,16,44,07,24
2010/04/29,10-051,05,24,41,07,26,49,03
2010/04/27,10-050,03,21,33,22,18,13,08
2010/04/24,10-049,23,12,05,39,29,16,11
2010/04/22,10-048,29,01,39,16,23,46,17
2010/04/20,10-047,27,06,35,17,25,40,32
2010/04/17,10-046,38,02,49,42,01,24,19
2010/04/15,10-045,36,21,37,35,19,30,33
2010/04/13,10-044,32,42,46,37,33,31,17
2010/04/11,10-043,36,38,07,41,02,20,40
2010/04/08,10-042,03,30,33,37,25,05,35
2010/04/06,10-041,42,35,20,25,45,11,08
2010/04/03,10-040,43,37,40,35,11,23,30
2010/04/01,10-039,42,20,31,43,23,21,41
2010/03/30,10-038,29,31,40,02,48,22,20
2010/03/27,10-037,01,44,22,36,03,08,29
2010/03/25,10-036,16,47,29,44,14,45,42
2010/03/23,10-035,46,11,32,07,22,27,17
2010/03/20,10-034,45,12,39,08,29,33,36
2010/03/18,10-033,39,19,37,04,41,30,31
2010/03/16,10-032,16,04,37,47,28,38,30
2010/03/13,10-031,39,22,04,01,14,18,48
2010/03/11,10-030,14,40,10,35,48,43,21
2010/03/09,10-029,17,28,09,45,13,14,20
2010/03/07,10-028,28,12,46,31,03,26,16
2010/03/04,10-027,24,11,10,33,34,38,16
2010/03/02,10-026,06,28,10,01,21,35,46
2010/02/27,10-025,25,17,36,22,16,18,47
2010/02/25,10-024,47,37,11,44,20,31,46
2010/02/23,10-023,08,19,43,44,48,49,46
2010/02/20,10-022,04,32,03,45,11,15,01
2010/02/18,10-021,32,11,28,07,05,04,03
2010/02/15,10-020,20,17,01,49,07,29,19
2010/02/13,10-019,29,27,05,26,21,28,44
2010/02/11,10-018,36,35,24,27,21,32,16
2010/02/09,10-017,10,14,13,49,04,08,07
2010/02/06,10-016,41,24,16,05,01,13,14
2010/02/04,10-015,25,09,42,47,20,36,13
2010/02/02,10-014,10,38,01,13,14,39,41
2010/01/30,10-013,06,32,30,34,02,04,40
2010/01/28,10-012,03,43,46,15,32,09,28
2010/01/26,10-011,09,08,38,17,37,31,02
2010/01/23,10-010,46,18,19,39,26,34,02
2010/01/21,10-009,48,07,06,24,17,41,16
2010/01/19,10-008,09,02,03,41,24,33,40
2010/01/17,10-007,05,19,35,18,45,28,27
2010/01/14,10-006,26,48,38,27,21,35,41
2010/01/12,10-005,29,09,30,23,25,48,01
2010/01/09,10-004,45,08,16,40,04,39,10
2010/01/07,10-003,05,14,45,48,16,25,42
2010/01/05,10-002,22,28,16,05,14,26,27
2010/01/02,10-001,11,13,22,16,21,18,06
2009/12/31,09-154,33,26,28,41,31,40,19
2009/12/29,09-153,33,39,09,38,27,40,14
2009/12/26,09-152,42,27,21,17,36,06,23
2009/12/24,09-151,20,22,27,26,44,31,49
2009/12/22,09-150,33,06,44,23,30,43,10
2009/12/20,09-149,04,45,24,32,02,28,38
2009/12/17,09-148,43,04,30,49,37,02,10
2009/12/15,09-147,10,40,27,28,47,46,18
2009/12/12,09-146,40,46,37,08,09,49,41
2009/12/10,09-145,04,15,16,49,34,08,45
2009/12/08,09-144,35,31,12,29,06,23,21
2009/12/05,09-143,14,01,38,17,35,23,31
2009/12/03,09-142,20,15,10,46,21,34,04
2009/12/01,09-141,05,44,10,04,17,39,24
2009/11/28,09-140,25,38,01,05,32,39,04
2009/11/26,09-139,17,42,03,01,09,18,07
2009/11/24,09-138,24,07,45,21,33,35,26
2009/11/21,09-137,02,38,23,28,45,08,21
2009/11/19,09-136,11,19,41,35,45,13,24
2009/11/17,09-135,42,09,02,43,04,28,45
2009/11/14,09-134,42,26,28,06,15,03,21
2009/11/12,09-133,10,09,06,20,01,46,14
2009/11/10,09-132,24,08,02,22,35,18,17
2009/11/08,09-131,38,17,35,27,32,02,41
2009/11/05,09-130,42,03,13,40,31,09,30
2009/11/03,09-129,33,19,43,42,45,03,44
2009/10/31,09-128,30,27,29,25,11,44,23
2009/10/29,09-127,44,15,14,16,18,13,48
2009/10/27,09-126,41,35,16,13,31,42,36
2009/10/24,09-125,25,34,26,41,45,22,15
2009/10/22,09-124,40,01,47,02,29,24,07
2009/10/20,09-123,34,08,46,39,26,36,35
2009/10/18,09-122,42,32,04,20,02,15,48
2009/10/15,09-121,15,17,22,37,47,39,26
2009/10/13,09-120,36,18,43,15,13,45,07
2009/10/10,09-119,19,16,12,49,02,20,04
2009/10/08,09-118,35,39,21,31,33,44,28
2009/10/06,09-117,36,12,15,24,49,17,14
2009/10/03,09-116,16,39,04,06,22,11,10
2009/09/29,09-115,33,15,48,01,40,05,21
2009/09/27,09-114,03,01,41,30,47,09,19
2009/09/24,09-113,34,09,36,19,22,26,24
2009/09/22,09-112,09,05,18,01,24,32,38
2009/09/19,09-111,41,23,28,39,37,20,26
2009/09/17,09-110,30,28,24,21,48,19,26
2009/09/15,09-109,35,11,49,14,17,16,34
2009/09/12,09-108,35,03,43,01,14,17,47
2009/09/10,09-107,29,31,35,33,07,32,48
2009/09/08,09-106,21,13,11,20,28,16,15
2009/09/06,09-105,09,24,41,48,35,40,31
2009/09/04,09-104,14,09,49,06,47,17,38
2009/09/01,09-103,22,17,19,40,27,46,04
2009/08/29,09-102,35,33,04,18,26,17,40
2009/08/27,09-101,24,05,42,08,17,30,34
2009/08/25,09-100,15,11,32,12,24,05,39
2009/08/22,09-099,48,04,12,29,03,32,16
2009/08/20,09-098,26,12,22,27,29,15,37
2009/08/18,09-097,33,03,20,18,15,01,48
2009/08/15,09-096,24,34,06,23,16,20,42
2009/08/13,09-095,27,18,29,37,03,06,04
2009/08/11,09-094,24,15,31,39,23,01,33
2009/08/08,09-093,08,05,30,10,11,23,42
2009/08/06,09-092,48,39,38,18,47,28,24
2009/08/04,09-091,32,09,36,34,37,27,20
2009/08/01,09-090,08,45,48,47,01,20,11
2009/07/30,09-089,18,12,04,40,11,21,44
2009/07/28,09-088,49,04,28,46,11,20,31
2009/07/25,09-087,23,22,04,31,47,36,20
2009/07/23,09-086,11,03,01,47,15,39,44
2009/07/21,09-085,13,15,04,06,01,48,39
2009/07/18,09-084,39,38,29,24,41,28,19
2009/07/16,09-083,14,45,03,17,29,05,31
2009/07/14,09-082,02,39,10,46,47,19,41
2009/07/11,09-081,02,09,21,47,18,32,26
2009/07/09,09-080,24,30,46,31,26,04,02
2009/07/07,09-079,47,38,41,06,30,27,20
2009/07/04,09-078,20,02,19,49,14,17,26
2009/07/02,09-077,22,24,40,19,06,29,04
2009/06/30,09-076,17,05,11,15,46,25,24
2009/06/27,09-075,16,26,18,21,48,30,45
2009/06/25,09-074,36,45,30,26,19,12,20
2009/06/23,09-073,34,01,19,39,48,43,45
2009/06/20,09-072,07,11,24,32,49,35,46
2009/06/18,09-071,26,02,19,17,22,11,13
2009/06/16,09-070,37,41,16,30,27,25,36
2009/06/14,09-069,42,39,12,43,13,25,38
2009/06/11,09-068,08,11,33,43,20,15,34
2009/06/09,09-067,46,13,16,07,35,42,25
2009/06/06,09-066,01,23,05,08,48,32,03
2009/06/04,09-065,04,43,09,24,22,19,01
2009/06/02,09-064,47,29,26,05,07,18,02
2009/05/30,09-063,14,27,09,12,36,20,11
2009/05/28,09-062,49,02,28,46,12,20,31
2009/05/26,09-061,25,11,14,27,47,19,20
2009/05/23,09-060,21,32,46,08,01,37,22
2009/05/19,09-059,45,36,28,38,40,33,04
2009/05/16,09-058,03,07,20,18,27,11,02
2009/05/14,09-057,49,43,46,23,06,31,40
2009/05/12,09-056,29,09,38,25,36,41,23
2009/05/10,09-055,48,11,21,41,28,14,32
2009/05/07,09-054,07,03,09,16,34,02,14
2009/05/05,09-053,31,30,45,41,05,29,47
2009/05/02,09-052,06,29,18,01,39,48,10
2009/04/30,09-051,08,21,30,49,38,11,35
2009/04/28,09-050,41,07,20,36,03,34,39
2009/04/25,09-049,34,17,46,38,04,49,07
2009/04/23,09-048,45,34,46,20,42,15,23
2009/04/21,09-047,31,04,43,41,18,42,24
2009/04/18,09-046,33,14,29,10,48,22,05
2009/04/16,09-045,19,12,11,01,30,28,49
2009/04/14,09-044,27,02,42,22,41,07,05
2009/04/11,09-043,38,47,16,45,03,25,35
2009/04/09,09-042,44,07,29,09,49,22,01
2009/04/07,09-041,45,04,21,29,41,22,14
2009/04/04,09-040,02,18,46,17,10,06,34
2009/04/02,09-039,33,39,07,13,20,45,30
2009/03/31,09-038,29,01,07,15,23,35,14
2009/03/29,09-037,42,24,40,32,43,36,47
2009/03/26,09-036,42,36,05,38,14,34,19
2009/03/24,09-035,12,16,04,38,46,15,21
2009/03/21,09-034,27,32,23,13,43,34,22
2009/03/19,09-033,32,14,21,18,06,46,43
2009/03/17,09-032,37,14,11,21,17,12,10
2009/03/14,09-031,43,10,16,19,42,33,12
2009/03/12,09-030,32,16,30,15,02,12,05
2009/03/10,09-029,48,21,39,27,33,32,09
2009/03/08,09-028,11,40,04,03,28,37,36
2009/03/05,09-027,07,33,17,02,47,20,45
2009/03/03,09-026,22,37,25,49,30,38,15
2009/02/28,09-025,24,22,34,15,05,46,26
2009/02/26,09-024,15,24,14,23,19,25,02
2009/02/24,09-023,47,38,32,09,37,01,25
2009/02/21,09-022,15,21,14,08,20,07,44
2009/02/19,09-021,36,26,09,16,06,29,08
2009/02/17,09-020,39,12,26,08,15,44,06
2009/02/14,09-019,12,37,39,31,17,46,08
2009/02/12,09-018,32,42,10,22,14,28,36
2009/02/10,09-017,04,14,24,21,48,06,08
2009/02/07,09-016,42,44,09,48,12,45,35
2009/02/05,09-015,03,47,36,46,25,23,20
2009/02/03,09-014,26,12,46,08,44,31,42
2009/01/31,09-013,09,14,24,10,04,29,38
2009/01/29,09-012,36,09,25,08,17,06,04
2009/01/27,09-011,42,13,07,21,17,45,36
2009/01/25,09-010,44,40,47,04,12,19,49
2009/01/23,09-009,37,44,47,05,17,38,12
2009/01/20,09-008,34,42,22,13,05,29,37
2009/01/17,09-007,01,47,28,29,16,15,37
2009/01/15,09-006,06,09,32,24,10,12,30
2009/01/13,09-005,36,41,15,12,49,40,42
2009/01/11,09-004,07,16,03,47,19,44,31
2009/01/08,09-003,22,46,19,33,18,42,07
2009/01/06,09-002,23,42,45,30,09,14,19
2009/01/03,09-001,16,30,21,02,10,22,26
2008/12/30,08-149,04,29,40,18,47,08,09
2008/12/27,08-148,02,21,24,34,17,19,18
2008/12/23,08-147,29,33,48,24,26,22,46
2008/12/21,08-146,06,20,34,26,40,13,10
2008/12/18,08-145,40,22,31,27,46,02,13
2008/12/16,08-144,32,44,36,38,29,21,43
2008/12/13,08-143,40,01,27,07,36,48,13
2008/12/11,08-142,47,01,48,11,41,10,20
2008/12/09,08-141,21,44,14,47,07,43,35
2008/12/07,08-140,26,28,17,09,30,04,01
2008/12/04,08-139,35,47,10,08,37,28,12
2008/12/02,08-138,43,30,31,29,03,13,08
2008/11/29,08-137,06,27,37,33,36,05,48
2008/11/27,08-136,06,36,46,14,21,04,41
2008/11/25,08-135,38,03,48,46,18,09,13
2008/11/22,08-134,28,01,04,24,17,03,07
2008/11/20,08-133,41,13,40,31,04,36,49
2008/11/18,08-132,28,18,32,29,05,11,10
2008/11/15,08-131,32,02,08,05,24,37,35
2008/11/13,08-130,33,09,34,10,43,20,42
2008/11/11,08-129,19,32,27,17,20,35,11
2008/11/09,08-128,24,01,15,48,04,06,43
2008/11/06,08-127,43,35,05,42,06,28,04
2008/11/03,08-126,25,08,01,38,20,43,39
2008/11/01,08-125,32,19,23,44,17,11,25
2008/10/30,08-124,13,33,40,05,23,37,39
2008/10/28,08-123,13,03,26,10,11,48,09
2008/10/25,08-122,22,13,18,30,03,20,39
2008/10/23,08-121,46,05,21,19,27,09,37
2008/10/21,08-120,37,08,01,09,35,32,14
2008/10/18,08-119,07,09,03,06,32,35,24
2008/10/16,08-118,31,44,21,06,40,42,07
2008/10/14,08-117,11,19,14,44,21,41,31
2008/10/11,08-116,46,37,35,11,38,08,27
2008/10/09,08-115,01,27,38,19,02,12,41
2008/10/07,08-114,34,46,04,49,26,10,05
2008/10/04,08-113,14,22,19,04,16,35,09
2008/10/02,08-112,42,32,17,29,20,13,15
2008/09/30,08-111,26,11,47,27,40,39,34
2008/09/27,08-110,39,33,36,17,07,44,31
2008/09/25,08-109,01,29,16,46,04,15,30
2008/09/20,08-108,05,49,28,04,27,10,46
2008/09/18,08-107,02,34,17,46,49,38,33
2008/09/16,08-106,40,04,14,09,36,25,45
2008/09/13,08-105,46,34,16,08,09,03,42
2008/09/11,08-104,12,08,25,20,49,02,34
2008/09/09,08-103,07,48,15,23,29,03,05
2008/09/06,08-102,38,23,18,22,10,04,35
2008/09/04,08-101,22,07,17,42,26,31,12
2008/09/02,08-100,13,09,22,16,31,24,18
2008/08/30,08-099,02,49,37,10,08,44,22
2008/08/28,08-098,38,21,34,01,27,31,10
2008/08/26,08-097,25,02,43,13,19,30,44
2008/08/23,08-096,20,09,10,03,34,25,41
2008/08/21,08-095,01,20,21,03,37,35,46
2008/08/19,08-094,32,07,19,39,24,26,20
2008/08/16,08-093,38,25,14,43,46,32,35
2008/08/14,08-092,46,27,23,41,16,20,06
2008/08/12,08-091,28,26,11,31,10,15,43
2008/08/09,08-090,21,19,15,08,42,32,10
2008/08/07,08-089,30,47,23,03,24,17,26
2008/08/05,08-088,11,49,16,06,38,42,40
2008/08/02,08-087,08,33,11,06,35,04,25
2008/07/31,08-086,25,33,01,34,41,08,28
2008/07/29,08-085,07,34,35,15,25,38,06
2008/07/26,08-084,09,41,48,13,10,12,06
2008/07/24,08-083,38,29,45,31,15,05,48
2008/07/22,08-082,45,40,29,33,43,10,08
2008/07/19,08-081,46,18,35,01,24,29,02
2008/07/17,08-080,18,38,25,47,27,15,02
2008/07/15,08-079,17,47,24,38,09,19,03
2008/07/12,08-078,38,27,21,05,25,40,11
2008/07/10,08-077,17,41,44,18,05,12,32
2008/07/08,08-076,21,19,15,24,18,26,36
2008/07/05,08-075,15,07,38,20,02,06,14
2008/07/02,08-074,48,31,21,03,26,29,01
2008/06/29,08-073,28,07,01,19,34,02,05
2008/06/27,08-072,48,40,33,46,39,08,24
2008/06/24,08-071,09,29,22,27,42,08,38
2008/06/21,08-070,34,29,13,05,44,01,25
2008/06/19,08-069,02,18,11,45,39,26,24
2008/06/17,08-068,13,32,03,05,06,31,15
2008/06/14,08-067,03,44,41,19,15,40,13
2008/06/12,08-066,37,06,22,09,04,15,03
2008/06/10,08-065,11,07,02,20,29,45,48
2008/06/07,08-064,14,06,39,45,11,23,10
2008/06/03,08-063,41,40,33,05,32,49,30
2008/05/31,08-062,42,36,26,11,31,34,13
2008/05/29,08-061,39,01,44,49,27,06,36
2008/05/27,08-060,29,24,28,22,23,43,06
2008/05/24,08-059,12,05,31,01,19,14,45
2008/05/22,08-058,29,23,34,19,41,01,15
2008/05/20,08-057,06,25,01,04,47,23,49
2008/05/17,08-056,18,24,45,46,48,03,31
2008/05/15,08-055,47,45,38,22,07,21,40
2008/05/13,08-054,08,34,40,37,19,26,29
2008/05/10,08-053,49,06,05,41,27,47,40
2008/05/08,08-052,16,49,35,31,37,24,39
2008/05/06,08-051,26,28,13,08,49,07,17
2008/05/03,08-050,39,37,03,05,01,04,08
2008/04/29,08-049,25,41,22,24,40,20,35
2008/04/26,08-048,19,17,13,32,15,24,09
2008/04/24,08-047,35,12,31,25,08,13,21
2008/04/22,08-046,14,08,36,40,46,31,09
2008/04/19,08-045,16,10,42,19,46,07,20
2008/04/17,08-044,10,31,07,48,11,27,05
2008/04/15,08-043,25,38,48,31,08,43,23
2008/04/13,08-042,38,34,23,09,22,01,24
2008/04/08,08-041,21,13,11,36,39,40,43
2008/04/03,08-040,17,28,41,36,06,01,31
2008/04/01,08-039,49,16,44,27,15,40,31
2008/03/29,08-038,09,39,30,06,32,48,04
2008/03/27,08-037,16,32,03,45,04,48,23
2008/03/25,08-036,15,35,07,25,22,14,32
2008/03/22,08-035,49,48,18,38,13,32,40
2008/03/20,08-034,12,26,04,33,45,22,08
2008/03/18,08-033,37,44,13,23,28,30,49
2008/03/15,08-032,10,21,47,22,08,30,28
2008/03/13,08-031,36,31,44,33,28,12,07
2008/03/11,08-030,23,13,05,28,40,15,17
2008/03/08,08-029,31,16,38,25,49,36,29
2008/03/06,08-028,25,07,12,24,39,44,27
2008/03/04,08-027,49,05,02,13,21,20,36
2008/03/02,08-026,07,22,05,35,32,30,13
2008/02/28,08-025,06,17,13,35,49,08,45
2008/02/26,08-024,39,34,09,23,30,20,13
2008/02/23,08-023,14,47,09,33,24,02,48
2008/02/21,08-022,48,27,24,22,18,30,03
2008/02/19,08-021,15,38,29,05,32,39,31
2008/02/16,08-020,22,05,08,29,02,41,28
2008/02/14,08-019,04,15,39,06,29,33,18
2008/02/12,08-018,31,23,40,45,12,37,35
2008/02/10,08-017,26,32,39,07,30,24,47
2008/02/08,08-016,38,30,02,16,31,48,36
2008/02/05,08-015,06,43,36,48,40,03,08
2008/02/03,08-014,46,36,34,01,42,37,39
2008/01/31,08-013,49,24,41,42,32,48,10
2008/01/29,08-012,43,33,16,24,22,44,29
2008/01/26,08-011,19,22,33,13,15,38,39
2008/01/24,08-010,38,23,26,46,10,42,29
2008/01/22,08-009,09,30,16,49,33,17,41
2008/01/19,08-008,32,04,07,20,34,08,24
2008/01/17,08-007,36,35,24,40,08,19,23
2008/01/15,08-006,15,37,45,10,18,11,26
2008/01/13,08-005,08,26,13,42,22,18,43
2008/01/10,08-004,20,36,46,04,42,47,22
2008/01/08,08-003,02,14,40,09,45,24,03
2008/01/05,08-002,33,03,42,14,32,11,15
2008/01/03,08-001,36,05,08,42,46,39,14
2007/12/31,07-152,21,23,45,37,15,16,04
2007/12/29,07-151,06,48,12,33,16,41,08
2007/12/27,07-150,17,37,48,40,38,07,43
2007/12/25,07-149,21,46,30,01,02,44,33
2007/12/22,07-148,01,46,17,09,28,42,32
2007/12/18,07-147,02,24,19,40,01,06,44
2007/12/16,07-146,17,23,01,44,40,25,26
2007/12/13,07-145,05,42,23,15,07,18,10
2007/12/11,07-144,35,16,40,41,18,24,47
2007/12/08,07-143,35,14,41,38,42,09,40
2007/12/06,07-142,05,39,26,46,38,33,47
2007/12/04,07-141,45,26,28,30,23,18,15
2007/12/02,07-140,29,30,35,18,25,32,39
2007/11/29,07-139,13,27,19,10,48,43,08
2007/11/27,07-138,07,45,27,33,35,25,06
2007/11/24,07-137,40,42,19,05,32,25,04
2007/11/22,07-136,39,01,12,40,29,48,41
2007/11/20,07-135,44,06,22,13,30,14,26
2007/11/18,07-134,04,32,25,01,06,20,43
2007/11/15,07-133,16,18,41,45,27,12,29
2007/11/13,07-132,02,42,30,06,15,38,29
2007/11/10,07-131,15,08,41,01,43,06,02
2007/11/08,07-130,30,37,14,28,06,18,21
2007/11/04,07-129,47,40,13,04,27,25,45
2007/11/01,07-128,18,43,24,05,09,12,07
2007/10/30,07-127,31,19,41,47,42,12,13
2007/10/27,07-126,35,27,30,46,43,02,36
2007/10/25,07-125,35,42,04,49,14,31,01
2007/10/23,07-124,31,37,21,29,13,06,25
2007/10/20,07-123,19,14,42,18,04,30,34
2007/10/18,07-122,39,37,47,01,48,02,34
2007/10/16,07-121,10,06,11,14,31,40,49
2007/10/13,07-120,27,25,24,23,45,43,11
2007/10/11,07-119,42,12,23,26,19,33,27
2007/10/09,07-118,16,49,32,10,09,23,19
2007/10/06,07-117,38,07,20,25,45,33,26
2007/10/04,07-116,29,28,38,37,14,06,12
2007/10/02,07-115,30,37,21,43,34,10,17
2007/09/29,07-114,42,41,47,35,44,49,48
2007/09/27,07-113,45,09,06,34,23,17,02
2007/09/25,07-112,08,25,24,34,02,16,40
2007/09/22,07-111,24,06,48,44,49,05,45
2007/09/20,07-110,41,40,11,13,06,28,49
2007/09/18,07-109,41,10,37,43,12,24,17
2007/09/16,07-108,08,24,17,27,07,06,38
2007/09/13,07-107,38,32,08,25,14,15,11
2007/09/11,07-106,36,44,14,26,23,35,05
2007/09/08,07-105,03,31,34,35,14,01,16
2007/09/06,07-104,04,44,12,35,40,18,38
2007/09/04,07-103,38,49,45,06,28,44,34
2007/09/01,07-102,02,44,16,39,38,06,15
2007/08/30,07-101,34,39,23,13,03,04,37
2007/08/28,07-100,04,43,37,20,27,09,07
2007/08/26,07-099,42,06,44,23,20,45,13
2007/08/24,07-098,28,43,20,10,37,19,06
2007/08/21,07-097,48,22,13,10,36,33,31
2007/08/18,07-096,18,22,35,14,40,31,46
2007/08/16,07-095,18,16,30,14,35,26,10
2007/08/14,07-094,09,27,12,40,29,07,05
2007/08/11,07-093,35,38,43,44,06,09,41
2007/08/09,07-092,44,04,03,17,12,05,37
2007/08/07,07-091,48,45,14,26,01,32,46
2007/08/02,07-090,29,40,08,22,35,41,06
2007/07/31,07-089,48,21,03,47,43,04,07
2007/07/28,07-088,30,31,29,38,18,21,34
2007/07/26,07-087,22,46,28,32,13,37,17
2007/07/24,07-086,41,49,30,16,26,36,13
2007/07/21,07-085,43,45,09,18,05,40,17
2007/07/19,07-084,01,45,42,27,26,36,12
2007/07/17,07-083,10,12,42,05,13,16,41
2007/07/14,07-082,45,24,30,49,19,10,34
2007/07/12,07-081,06,16,18,22,17,49,33
2007/07/10,07-080,17,43,12,31,13,24,49
2007/07/07,07-079,08,10,35,45,04,15,16
2007/07/05,07-078,38,25,26,14,23,35,21
2007/07/03,07-077,48,22,45,16,35,36,32
2007/06/30,07-076,18,44,04,37,01,10,20
2007/06/28,07-075,46,41,38,04,40,15,33
2007/06/26,07-074,02,47,17,35,24,32,34
2007/06/23,07-073,10,27,28,31,38,24,23
2007/06/21,07-072,26,43,45,05,11,01,22
2007/06/19,07-071,08,11,12,20,32,04,47
2007/06/16,07-070,28,03,15,37,18,19,30
2007/06/14,07-069,19,41,21,29,33,03,46
2007/06/12,07-068,45,31,30,07,47,41,04
2007/06/10,07-067,48,06,09,01,37,36,13
2007/06/07,07-066,01,04,47,44,15,34,07
2007/06/05,07-065,11,22,37,05,09,21,32
2007/06/02,07-064,26,16,42,46,20,27,32
2007/05/31,07-063,01,25,38,07,20,04,17
2007/05/29,07-062,25,08,02,46,12,29,07
2007/05/26,07-061,29,23,36,26,24,41,12
2007/05/22,07-060,38,20,40,23,28,21,13
2007/05/19,07-059,46,21,36,31,24,38,43
2007/05/17,07-058,05,27,04,37,14,39,35
2007/05/15,07-057,36,43,33,42,12,30,15
2007/05/13,07-056,36,38,25,16,14,28,40
2007/05/10,07-055,04,06,41,14,46,12,15
2007/05/08,07-054,11,46,30,23,20,48,22
2007/05/05,07-053,20,11,45,07,49,09,42
2007/05/03,07-052,32,03,17,47,44,46,33
2007/04/30,07-051,44,38,27,11,10,18,37
2007/04/26,07-050,35,17,24,22,40,37,11
2007/04/24,07-049,07,19,04,14,06,37,09
2007/04/21,07-048,19,41,42,49,27,44,20
2007/04/19,07-047,07,48,29,15,09,32,38
2007/04/17,07-046,43,40,49,45,20,02,38
2007/04/15,07-045,14,19,44,11,35,49,10
2007/04/12,07-044,27,45,04,35,08,24,15
2007/04/10,07-043,45,13,06,09,31,40,47
2007/04/07,07-042,05,36,41,23,08,07,24
2007/04/05,07-041,13,40,33,35,48,39,27
2007/04/03,07-040,22,48,09,30,42,41,49
2007/04/01,07-039,16,17,38,28,21,45,10
2007/03/29,07-038,23,40,45,02,44,22,32
2007/03/27,07-037,32,12,24,46,36,21,13
2007/03/24,07-036,12,05,22,06,40,02,24
2007/03/22,07-035,12,47,43,06,15,09,49
2007/03/20,07-034,23,42,01,11,37,43,24
2007/03/17,07-033,49,45,23,36,26,21,02
2007/03/15,07-032,45,14,39,40,49,01,42
2007/03/13,07-031,04,01,39,46,12,35,14
2007/03/11,07-030,02,16,07,30,37,39,20
2007/03/08,07-029,06,16,12,49,33,25,48
2007/03/06,07-028,27,41,05,08,22,32,45
2007/03/03,07-027,30,04,43,46,10,35,14
2007/03/01,07-026,43,18,25,29,16,33,41
2007/02/27,07-025,38,30,10,41,16,09,02
2007/02/24,07-024,32,36,09,24,07,22,08
2007/02/22,07-023,18,39,32,08,11,02,46
2007/02/19,07-022,37,35,04,18,47,17,32
2007/02/17,07-021,33,28,09,42,16,17,29
2007/02/15,07-020,38,07,17,48,15,45,46
2007/02/13,07-019,03,13,21,22,14,32,07
2007/02/11,07-018,32,22,11,45,25,41,01
2007/02/08,07-017,44,27,26,37,24,09,03
2007/02/06,07-016,47,42,22,12,19,11,36
2007/02/03,07-015,27,11,39,19,12,06,28
2007/02/01,07-014,33,08,13,32,39,47,17
2007/01/30,07-013,11,12,24,14,18,09,38
2007/01/27,07-012,25,36,39,11,26,41,16
2007/01/25,07-011,06,05,24,23,38,48,30
2007/01/23,07-010,25,19,35,06,32,31,15
2007/01/21,07-009,28,09,26,36,18,44,19
2007/01/18,07-008,07,48,49,33,10,39,42
2007/01/16,07-007,04,23,42,25,38,14,10
2007/01/13,07-006,28,07,06,38,25,45,16
2007/01/11,07-005,27,10,41,40,02,01,43
2007/01/09,07-004,19,11,34,14,16,43,48
2007/01/06,07-003,49,38,03,17,33,43,14
2007/01/04,07-002,07,33,08,49,40,42,13
2007/01/02,07-001,12,06,14,32,30,38,41
2006/12/30,06-154,07,30,21,06,05,40,42
2006/12/28,06-153,11,03,14,27,20,44,43
2006/12/24,06-152,31,34,16,39,42,29,41
2006/12/21,06-151,05,48,35,28,46,49,11
2006/12/19,06-150,11,32,48,05,33,17,04
2006/12/17,06-149,13,21,17,22,09,33,41
2006/12/14,06-148,37,47,15,14,29,02,45
2006/12/12,06-147,39,15,41,06,26,30,14
2006/12/09,06-146,21,28,24,48,22,43,44
2006/12/07,06-145,05,10,40,08,27,34,47
2006/12/05,06-144,20,45,46,21,41,38,14
2006/12/03,06-143,32,25,22,10,44,34,30
2006/11/30,06-142,09,27,31,35,08,05,15
2006/11/28,06-141,23,36,21,35,06,10,08
2006/11/25,06-140,35,36,07,18,30,49,29
2006/11/23,06-139,06,19,41,32,49,10,05
2006/11/21,06-138,35,03,26,07,31,16,18
2006/11/18,06-137,14,10,40,49,34,11,43
2006/11/16,06-136,44,35,10,32,03,12,41
2006/11/14,06-135,08,36,20,49,14,34,46
2006/11/11,06-134,13,48,10,31,18,21,17
2006/11/09,06-133,21,38,36,02,34,22,45
2006/11/05,06-132,45,38,11,42,41,22,20
2006/11/02,06-131,39,05,28,07,35,36,31
2006/10/31,06-130,44,06,01,35,28,13,30
2006/10/28,06-129,28,44,33,42,07,35,41
2006/10/26,06-128,17,13,05,41,08,26,22
2006/10/24,06-127,28,48,30,29,12,44,34
2006/10/22,06-126,26,42,03,24,18,43,16
2006/10/19,06-125,11,29,44,15,09,35,18
2006/10/17,06-124,05,33,36,22,40,29,32
2006/10/14,06-123,49,16,41,03,36,20,45
2006/10/12,06-122,22,09,10,26,38,05,39
2006/10/10,06-121,06,47,08,40,22,39,17
2006/10/08,06-120,28,22,04,01,17,27,15
2006/10/05,06-119,09,32,16,42,35,05,04
2006/10/03,06-118,05,35,09,45,01,19,30
2006/09/30,06-117,01,12,23,11,04,02,06
2006/09/28,06-116,05,15,22,30,49,42,37
2006/09/26,06-115,32,15,18,43,07,09,08
2006/09/23,06-114,37,40,13,03,20,34,11
2006/09/21,06-113,48,40,01,33,22,43,35
2006/09/19,06-112,22,03,25,11,27,33,21
2006/09/17,06-111,05,22,41,14,20,11,33
2006/09/14,06-110,27,26,12,28,32,46,47
2006/09/12,06-109,41,02,40,32,45,43,30
2006/09/09,06-108,08,25,14,23,17,12,10
2006/09/07,06-107,08,15,25,33,48,05,11
2006/09/05,06-106,22,08,48,04,14,41,39
2006/09/02,06-105,48,46,34,17,16,03,41
2006/08/31,06-104,46,26,45,30,04,35,20
2006/08/29,06-103,49,40,37,48,34,14,30
2006/08/26,06-102,27,31,43,29,39,36,23
2006/08/24,06-101,40,45,21,14,03,11,08
2006/08/22,06-100,49,48,08,18,22,34,33
2006/08/19,06-099,27,43,03,45,25,28,42
2006/08/17,06-098,37,27,17,38,10,19,26
2006/08/15,06-097,30,47,18,08,21,23,10
2006/08/12,06-096,18,28,26,02,43,13,41
2006/08/10,06-095,12,18,15,35,23,38,33
2006/08/08,06-094,20,10,24,32,49,28,09
2006/08/05,06-093,14,16,01,45,11,08,41
2006/08/03,06-092,45,10,09,19,16,32,18
2006/08/01,06-091,07,10,46,34,20,30,19
2006/07/29,06-090,02,29,35,34,23,37,41
2006/07/27,06-089,47,01,43,19,31,21,18
2006/07/25,06-088,34,16,10,38,41,23,05
2006/07/22,06-087,02,16,24,06,23,20,19
2006/07/20,06-086,33,15,06,13,30,26,16
2006/07/18,06-085,27,22,39,13,10,32,43
2006/07/15,06-084,23,20,09,34,35,45,15
2006/07/13,06-083,34,10,01,36,08,09,17
2006/07/11,06-082,34,45,30,42,01,46,08
2006/07/08,06-081,33,06,30,10,02,13,40
2006/07/06,06-080,07,01,16,49,21,09,12
2006/07/04,06-079,19,01,04,05,14,13,18
2006/07/01,06-078,04,30,47,48,13,42,40
2006/06/29,06-077,17,36,19,02,03,13,47
2006/06/27,06-076,49,27,12,21,26,10,14
2006/06/24,06-075,18,33,36,21,32,37,06
2006/06/22,06-074,04,36,05,49,33,48,02
2006/06/20,06-073,04,40,17,42,39,05,03
2006/06/18,06-072,07,06,05,35,27,18,19
2006/06/15,06-071,15,16,24,04,45,22,02
2006/06/13,06-070,45,02,06,33,17,42,13
2006/06/11,06-069,40,03,05,07,45,18,15
2006/06/08,06-068,41,46,34,17,36,48,26
2006/06/06,06-067,49,02,31,09,42,29,05
2006/06/03,06-066,36,09,29,16,05,47,17
2006/06/01,06-065,35,24,44,17,46,12,10
2006/05/30,06-064,10,33,16,30,21,48,19
2006/05/27,06-063,35,01,22,34,36,47,07
2006/05/25,06-062,29,40,38,09,39,27,47
2006/05/23,06-061,47,14,01,45,28,41,29
2006/05/20,06-060,15,38,20,46,41,44,34
2006/05/18,06-059,40,11,31,23,33,32,49
2006/05/16,06-058,35,26,23,36,39,43,05
2006/05/14,06-057,01,23,14,45,07,48,43
2006/05/11,06-056,29,07,12,15,27,49,36
2006/05/09,06-055,26,18,43,24,25,22,23
2006/05/06,06-054,32,17,23,31,05,28,18
2006/05/04,06-053,48,46,03,32,02,47,35
2006/05/02,06-052,27,33,45,03,13,18,29
2006/04/29,06-051,24,10,06,19,28,47,22
2006/04/27,06-050,07,34,37,01,08,30,41
2006/04/25,06-049,02,32,24,29,26,33,06
2006/04/22,06-048,28,42,46,08,06,11,31
2006/04/20,06-047,02,16,09,12,37,40,19
2006/04/18,06-046,28,27,44,38,14,11,12
2006/04/16,06-045,22,20,29,38,11,09,37
2006/04/13,06-044,32,13,28,39,49,44,48
2006/04/11,06-043,41,05,26,21,30,36,17
2006/04/09,06-042,47,18,45,44,34,28,08
2006/04/07,06-041,29,35,11,10,16,30,28
2006/04/04,06-040,11,43,14,07,35,38,26
2006/04/02,06-039,12,29,39,08,25,45,44
2006/03/30,06-038,02,12,33,19,17,30,23
2006/03/28,06-037,21,15,03,28,10,01,37
2006/03/25,06-036,36,43,42,32,45,26,44
2006/03/23,06-035,26,07,20,03,18,32,10
2006/03/21,06-034,16,04,23,22,43,08,18
2006/03/18,06-033,01,30,43,06,33,13,09
2006/03/16,06-032,33,42,04,37,49,27,36
2006/03/14,06-031,12,39,48,07,13,25,09
2006/03/11,06-030,01,14,19,30,21,13,40
2006/03/09,06-029,40,20,30,09,19,39,10
2006/03/07,06-028,30,49,11,42,48,02,36
2006/03/05,06-027,22,01,07,15,14,45,24
2006/03/02,06-026,05,14,22,43,29,01,20
2006/02/28,06-025,40,23,10,25,27,14,37
2006/02/25,06-024,34,18,37,22,13,31,19
2006/02/23,06-023,18,31,35,40,43,39,10
2006/02/21,06-022,31,36,24,07,49,15,40
2006/02/18,06-021,14,46,12,28,42,10,37
2006/02/16,06-020,34,22,03,16,12,29,30
2006/02/14,06-019,43,07,34,32,42,22,06
2006/02/12,06-018,12,26,15,41,45,30,04
2006/02/09,06-017,03,06,13,29,39,49,09
2006/02/07,06-016,05,40,41,24,15,12,44
2006/02/04,06-015,41,39,40,34,45,19,23
2006/02/02,06-014,37,20,04,23,05,03,38
2006/01/30,06-013,21,48,35,09,33,22,43
2006/01/28,06-012,41,27,30,16,22,39,40
2006/01/26,06-011,18,22,27,28,43,23,35
2006/01/24,06-010,28,35,06,33,31,14,26
2006/01/21,06-009,20,01,07,45,40,34,22
2006/01/19,06-008,28,24,26,44,31,47,17
2006/01/17,06-007,13,47,11,25,29,38,12
2006/01/14,06-006,19,34,01,12,29,32,46
2006/01/12,06-005,15,37,36,24,27,25,35
2006/01/10,06-004,38,39,21,25,36,05,04
2006/01/08,06-003,38,26,28,42,10,01,43
2006/01/05,06-002,10,22,46,44,05,38,13
2006/01/03,06-001,25,17,38,26,23,24,47
2005/12/31,05-155,11,07,31,43,40,02,36
2005/12/29,05-154,21,22,11,24,41,09,33
2005/12/27,05-153,09,04,43,18,17,31,19
2005/12/24,05-152,10,22,36,20,06,19,03
2005/12/22,05-151,42,24,08,19,23,18,32
2005/12/20,05-150,16,20,30,09,19,43,44
2005/12/18,05-149,15,40,04,22,01,44,02
2005/12/15,05-148,43,27,19,14,12,34,24
2005/12/13,05-147,06,01,33,22,47,14,09
2005/12/10,05-146,02,35,22,32,09,41,20
2005/12/08,05-145,03,36,31,16,42,09,20
2005/12/06,05-144,15,07,03,02,14,01,11
2005/12/04,05-143,37,27,32,09,10,45,04
2005/12/01,05-142,47,33,41,38,32,10,06
2005/11/29,05-141,24,45,26,18,44,13,27
2005/11/26,05-140,38,03,45,37,25,16,18
2005/11/24,05-139,05,08,13,43,04,01,22
2005/11/22,05-138,12,31,23,25,45,44,03
2005/11/19,05-137,15,46,02,03,32,30,23
2005/11/17,05-136,15,10,09,04,49,14,05
2005/11/15,05-135,26,30,23,24,47,49,43
2005/11/12,05-134,22,24,21,40,01,13,27
2005/11/10,05-133,48,12,07,37,41,08,40
2005/11/08,05-132,49,48,03,35,13,10,33
2005/11/06,05-131,11,20,38,49,03,13,19
2005/11/03,05-130,34,03,10,01,31,35,27
2005/10/31,05-129,34,41,02,18,37,30,28
2005/10/29,05-128,11,08,37,31,10,24,38
2005/10/27,05-127,19,13,05,40,02,49,07
2005/10/25,05-126,12,26,03,39,30,41,25
2005/10/23,05-125,30,09,31,25,35,37,01
2005/10/20,05-124,44,43,30,22,06,10,29
2005/10/18,05-123,20,15,42,14,18,38,35
2005/10/15,05-122,17,14,03,47,46,41,20
2005/10/13,05-121,24,34,35,38,47,41,45
2005/10/11,05-120,09,29,48,16,08,24,05
2005/10/08,05-119,48,15,25,11,09,44,27
2005/10/06,05-118,27,29,45,26,23,30,18
2005/10/04,05-117,02,16,36,25,09,38,14
2005/09/30,05-116,24,25,14,35,11,20,33
2005/09/27,05-115,17,35,43,28,01,20,18
2005/09/25,05-114,26,14,19,06,01,30,17
2005/09/22,05-113,04,19,12,02,13,42,39
2005/09/20,05-112,21,04,05,47,37,26,07
2005/09/18,05-111,14,05,27,03,08,35,09
2005/09/16,05-110,28,24,42,33,22,34,48
2005/09/13,05-109,41,46,39,29,26,16,34
2005/09/10,05-108,04,01,33,40,19,34,25
2005/09/08,05-107,10,13,08,48,31,14,47
2005/09/06,05-106,39,15,09,41,23,20,44
2005/09/03,05-105,18,48,34,11,35,07,42
2005/09/01,05-104,19,24,48,04,21,14,10
2005/08/30,05-103,17,04,26,46,40,09,18
2005/08/27,05-102,03,37,20,23,01,33,14
2005/08/25,05-101,39,29,05,20,25,13,35
2005/08/23,05-100,26,01,36,47,14,03,42
2005/08/20,05-099,17,22,08,29,03,13,18
2005/08/18,05-098,39,19,24,41,49,02,21
2005/08/16,05-097,27,21,37,01,48,11,18
2005/08/13,05-096,32,49,13,09,38,48,41
2005/08/11,05-095,38,11,09,23,29,33,06
2005/08/09,05-094,22,38,09,35,13,39,04
2005/08/06,05-093,33,21,05,44,34,45,40
2005/08/04,05-092,27,19,47,38,07,01,03
2005/08/02,05-091,33,25,42,36,21,48,13
2005/07/31,05-090,46,14,13,33,05,45,25
2005/07/29,05-089,43,39,42,49,35,25,05
2005/07/26,05-088,25,14,06,27,12,30,08
2005/07/23,05-087,15,07,22,08,35,49,17
2005/07/21,05-086,15,13,29,08,48,28,03
2005/07/19,05-085,42,31,14,30,26,05,04
2005/07/16,05-084,49,05,06,35,39,17,44
2005/07/14,05-083,34,17,49,48,10,18,29
2005/07/12,05-082,22,07,34,06,30,18,02
2005/07/09,05-081,39,23,06,21,16,10,05
2005/07/07,05-080,30,31,04,22,34,24,17
2005/07/05,05-079,43,41,09,06,13,21,45
2005/07/02,05-078,43,23,32,45,02,04,42
2005/06/30,05-077,22,27,36,04,32,16,17
2005/06/28,05-076,01,32,25,46,23,30,42
2005/06/25,05-075,38,40,15,49,33,25,21
2005/06/23,05-074,38,02,21,44,48,29,10
2005/06/21,05-073,11,32,22,31,29,42,03
2005/06/19,05-072,06,47,15,25,26,18,27
2005/06/16,05-071,36,35,05,44,07,15,04
2005/06/14,05-070,22,18,07,02,48,05,11
2005/06/11,05-069,29,40,48,18,11,22,44
2005/06/09,05-068,03,13,37,27,36,29,24
2005/06/07,05-067,41,26,48,11,18,10,27
2005/06/04,05-066,40,04,39,20,32,42,33
2005/06/02,05-065,43,39,20,33,17,04,26
2005/05/31,05-064,43,16,24,17,19,11,13
2005/05/28,05-063,46,23,28,17,26,22,02
2005/05/26,05-062,45,33,49,43,12,39,10
2005/05/24,05-061,22,11,42,23,01,18,10
2005/05/22,05-060,16,21,06,10,20,05,19
2005/05/19,05-059,31,16,47,18,34,23,38
2005/05/17,05-058,39,14,17,42,32,03,08
2005/05/15,05-057,12,07,45,33,44,18,32
2005/05/12,05-056,38,02,35,14,23,16,47
2005/05/10,05-055,11,36,20,14,41,04,15
2005/05/08,05-054,49,10,09,07,21,39,41
2005/05/05,05-053,22,20,21,09,30,48,06
2005/05/03,05-052,25,16,08,33,37,02,01
2005/04/30,05-051,37,36,21,13,30,16,02
2005/04/28,05-050,08,22,02,38,40,36,05
2005/04/26,05-049,13,39,30,47,36,12,08
2005/04/23,05-048,45,03,27,38,31,09,34
2005/04/21,05-047,13,02,38,17,03,14,31
2005/04/19,05-046,09,33,35,22,04,30,13
2005/04/17,05-045,15,42,49,29,19,11,05
2005/04/14,05-044,45,12,17,47,43,33,10
2005/04/12,05-043,22,10,36,23,28,09,49
2005/04/10,05-042,14,03,40,49,46,05,06
2005/04/07,05-041,01,49,05,25,35,24,14
2005/04/05,05-040,15,25,29,10,37,34,13
2005/04/02,05-039,43,31,17,22,12,11,45
2005/03/31,05-038,43,12,38,14,02,39,48
2005/03/29,05-037,09,47,21,06,46,13,12
2005/03/27,05-036,02,37,14,10,29,05,03
2005/03/24,05-035,22,24,25,10,13,02,05
2005/03/22,05-034,09,24,02,13,10,15,19
2005/03/20,05-033,01,36,21,09,47,35,33
2005/03/18,05-032,48,44,25,30,22,02,46
2005/03/15,05-031,44,49,27,02,45,06,23
2005/03/12,05-030,11,31,28,06,03,08,19
2005/03/10,05-029,49,24,08,42,03,07,37
2005/03/08,05-028,48,17,04,08,47,39,01
2005/03/06,05-027,35,16,02,10,37,45,26
2005/03/03,05-026,43,25,40,31,05,02,22
2005/03/01,05-025,25,03,33,35,12,07,30
2005/02/26,05-024,36,42,44,41,16,01,18
2005/02/24,05-023,25,06,41,22,39,49,13
2005/02/22,05-022,41,02,16,20,32,35,24
2005/02/19,05-021,49,28,42,45,02,18,17
2005/02/17,05-020,08,16,13,47,45,42,33
2005/02/15,05-019,27,28,08,05,33,46,02
2005/02/12,05-018,25,13,19,32,11,16,26
2005/02/10,05-017,41,08,21,20,02,40,24
2005/02/07,05-016,09,36,21,43,38,49,23
2005/02/04,05-015,20,33,19,48,37,02,10
2005/02/01,05-014,44,18,23,09,33,49,29
2005/01/29,05-013,09,28,18,33,19,02,35
2005/01/27,05-012,35,06,26,03,15,07,40
2005/01/25,05-011,20,34,37,48,31,15,04
2005/01/22,05-010,13,07,35,05,46,19,24
2005/01/20,05-009,09,28,21,46,33,13,06
2005/01/18,05-008,13,05,26,21,18,20,11
2005/01/15,05-007,49,14,10,25,16,09,23
2005/01/13,05-006,46,42,27,30,16,24,17
2005/01/11,05-005,35,05,11,25,40,06,44
2005/01/09,05-004,49,42,30,38,10,45,27
2005/01/06,05-003,03,42,10,06,40,14,15
2005/01/04,05-002,08,06,20,04,05,38,35
2005/01/02,05-001,11,39,36,43,18,32,34
2004/12/30,04-140,17,20,34,38,28,47,14
2004/12/28,04-139,48,09,05,43,35,38,06
2004/12/25,04-138,02,41,37,28,30,15,31
2004/12/23,04-137,45,01,10,43,12,16,13
2004/12/21,04-136,20,45,36,02,49,48,21
2004/12/19,04-135,32,25,24,34,39,01,10
2004/12/17,04-134,11,14,46,47,26,06,40
2004/12/14,04-133,31,48,22,25,19,03,12
2004/12/11,04-132,37,36,31,03,09,45,19
2004/12/09,04-131,28,46,04,36,49,43,40
2004/12/07,04-130,25,48,16,44,42,26,20
2004/12/05,04-129,24,10,46,06,31,13,25
2004/12/02,04-128,03,10,36,09,27,31,26
2004/11/30,04-127,42,08,21,31,38,29,23
2004/11/27,04-126,28,34,44,09,21,30,10
2004/11/25,04-125,19,49,21,17,40,35,42
2004/11/23,04-124,10,25,16,21,38,15,24
2004/11/20,04-123,43,06,30,40,26,34,03
2004/11/18,04-122,26,28,03,11,13,12,31
2004/11/16,04-121,41,23,15,07,30,34,10
2004/11/13,04-120,09,49,07,39,38,22,48
2004/11/11,04-119,33,07,13,12,16,09,37
2004/11/09,04-118,21,31,30,12,02,05,06
2004/11/07,04-117,13,42,38,17,02,33,05
2004/11/04,04-116,25,07,19,45,42,18,41
2004/10/31,04-115,37,21,23,30,33,14,10
2004/10/28,04-114,26,01,49,27,12,36,21
2004/10/26,04-113,30,44,45,43,06,24,11
2004/10/24,04-112,26,25,33,15,11,24,42
2004/10/21,04-111,30,27,48,31,12,34,17
2004/10/19,04-110,21,41,05,17,31,27,06
2004/10/16,04-109,43,44,07,12,33,20,38
2004/10/14,04-108,27,29,17,34,07,30,36
2004/10/12,04-107,20,37,06,35,04,39,41
2004/10/10,04-106,39,16,32,26,04,24,06
2004/10/07,04-105,43,18,19,45,48,33,11
2004/10/05,04-104,12,22,14,46,48,04,23
2004/10/02,04-103,13,15,43,03,39,44,31
2004/09/30,04-102,20,14,23,12,28,13,22
2004/09/28,04-101,49,39,36,28,22,31,32
2004/09/26,04-100,17,15,40,41,07,28,10
2004/09/24,04-099,17,42,30,11,46,14,29
2004/09/21,04-098,42,01,33,30,35,03,12
2004/09/18,04-097,30,38,41,24,07,20,19
2004/09/16,04-096,11,18,42,12,20,27,16
2004/09/14,04-095,07,21,30,36,10,03,14
2004/09/10,04-094,23,38,47,27,20,40,33
2004/09/07,04-093,03,16,04,45,32,19,14
2004/09/04,04-092,28,37,21,18,15,17,40
2004/09/02,04-091,11,01,45,05,32,22,28
2004/08/31,04-090,27,16,23,18,17,05,10
2004/08/28,04-089,42,48,01,33,44,30,49
2004/08/26,04-088,36,09,19,02,37,30,41
2004/08/24,04-087,14,10,36,17,45,30,47
2004/08/21,04-086,36,28,37,26,14,23,40
2004/08/19,04-085,19,24,36,44,12,27,29
2004/08/17,04-084,30,27,39,40,42,29,47
2004/08/14,04-083,30,01,22,16,34,05,39
2004/08/12,04-082,21,48,34,19,49,22,42
2004/08/10,04-081,17,27,47,45,44,16,49
2004/08/07,04-080,16,39,27,08,48,40,14
2004/08/05,04-079,39,08,27,45,13,40,49
2004/08/03,04-078,49,14,37,29,27,07,09
2004/07/31,04-077,14,40,43,13,48,32,12
2004/07/29,04-076,26,16,35,36,01,31,38
2004/07/27,04-075,35,43,01,02,34,20,37
2004/07/24,04-074,36,10,22,37,18,34,15
2004/07/22,04-073,24,07,08,01,42,06,22
2004/07/20,04-072,32,06,21,08,12,43,25
2004/07/17,04-071,07,48,32,09,49,18,10
2004/07/15,04-070,06,37,38,30,43,31,24
2004/07/13,04-069,13,21,18,35,01,03,15
2004/07/10,04-068,36,06,07,01,42,12,34
2004/07/08,04-067,28,36,13,06,08,03,38
2004/07/06,04-066,42,09,37,22,48,40,26
2004/07/03,04-065,18,35,16,48,49,02,43
2004/07/01,04-064,33,37,11,25,32,42,31
2004/06/29,04-063,03,09,14,25,07,44,45
2004/06/26,04-062,33,44,29,07,21,23,09
2004/06/24,04-061,13,40,03,05,11,06,45
2004/06/19,04-060,28,38,34,41,46,48,36
2004/06/17,04-059,05,28,18,32,21,09,07
2004/06/15,04-058,07,03,20,13,48,36,47
2004/06/11,04-057,48,42,11,16,43,26,32
2004/06/08,04-056,29,37,49,07,18,28,12
2004/06/05,04-055,29,08,06,12,40,32,45
2004/06/03,04-054,41,13,47,40,37,33,48
2004/06/01,04-053,43,09,39,32,38,27,31
2004/05/29,04-052,46,03,40,10,27,20,09
2004/05/27,04-051,24,02,19,16,49,48,12
2004/05/25,04-050,40,23,37,45,14,27,39
2004/05/20,04-049,31,40,45,47,04,18,29
2004/05/18,04-048,10,23,49,43,30,21,03
2004/05/15,04-047,15,08,07,27,49,34,22
2004/05/13,04-046,09,21,48,37,40,13,12
2004/05/11,04-045,24,13,37,11,22,07,36
2004/05/06,04-044,36,28,33,08,38,47,02
2004/05/04,04-043,47,29,21,37,16,46,35
2004/04/29,04-042,26,34,19,31,30,04,37
2004/04/27,04-041,07,11,29,15,46,49,21
2004/04/24,04-040,39,24,48,44,30,43,23
2004/04/22,04-039,39,44,46,08,32,36,33
2004/04/20,04-038,06,19,22,25,12,09,17
2004/04/15,04-037,34,23,31,45,47,43,48
2004/04/13,04-036,49,24,01,30,47,23,42
2004/04/10,04-035,49,17,47,12,42,09,34
2004/04/08,04-034,13,32,48,07,37,01,26
2004/04/06,04-033,13,31,07,25,03,33,45
2004/04/02,04-032,31,22,26,13,12,11,10
2004/03/30,04-031,09,37,45,11,21,27,30
2004/03/25,04-030,13,22,21,10,07,23,35
2004/03/23,04-029,05,39,17,20,04,28,03
2004/03/20,04-028,06,44,21,49,28,36,32
2004/03/18,04-027,03,04,36,25,47,02,08
2004/03/16,04-026,37,18,10,39,07,23,17
2004/03/11,04-025,35,43,14,36,33,23,37
2004/03/09,04-024,10,31,21,30,42,26,48
2004/03/06,04-023,09,31,35,10,41,26,42
2004/03/04,04-022,42,19,34,20,01,43,15
2004/03/02,04-021,46,08,49,33,20,36,18
2004/02/26,04-020,01,14,39,48,45,09,03
2004/02/24,04-019,16,08,04,02,18,03,06
2004/02/21,04-018,07,41,25,24,22,40,01
2004/02/19,04-017,06,03,26,14,40,09,19
2004/02/17,04-016,07,38,15,41,28,20,37
2004/02/14,04-015,49,15,28,13,04,45,07
2004/02/12,04-014,32,21,31,09,22,17,04
2004/02/10,04-013,37,39,44,22,32,20,11
2004/02/05,04-012,48,12,43,35,22,29,38
2004/02/03,04-011,48,04,45,46,10,43,13
2004/01/31,04-010,46,30,41,01,32,29,08
2004/01/29,04-009,22,21,31,24,27,42,11
2004/01/27,04-008,40,41,13,18,10,29,04
2004/01/20,04-007,05,32,28,31,09,06,19
2004/01/17,04-006,05,49,03,19,26,32,01
2004/01/15,04-005,13,09,31,40,08,48,43
2004/01/13,04-004,30,49,34,39,43,48,06
2004/01/08,04-003,26,14,39,43,40,33,23
2004/01/06,04-002,17,43,22,07,29,14,36
2004/01/03,04-001,49,31,39,33,36,03,01
2003/12/30,03-117,01,39,47,38,36,22,27
2003/12/23,03-116,48,05,17,34,42,19,44
2003/12/18,03-115,42,33,44,24,31,23,27
2003/12/16,03-114,36,48,13,37,33,11,46
2003/12/13,03-113,22,13,33,42,29,06,11
2003/12/11,03-112,14,35,01,22,31,19,34
2003/12/09,03-111,48,35,15,20,31,10,14
2003/12/04,03-110,02,39,25,08,19,03,49
2003/12/02,03-109,41,18,48,12,08,23,19
2003/11/29,03-108,04,02,46,14,03,44,05
2003/11/27,03-107,15,45,07,10,49,38,22
2003/11/25,03-106,11,48,39,30,41,13,45
2003/11/20,03-105,31,34,18,25,37,35,05
2003/11/18,03-104,11,22,34,48,14,24,43
2003/11/14,03-103,44,48,37,29,28,25,43
2003/11/11,03-102,37,01,04,28,19,49,29
2003/11/06,03-101,05,49,28,14,27,06,42
2003/11/03,03-100,09,41,18,22,06,31,24
2003/11/01,03-099,08,12,04,23,15,33,36
2003/10/30,03-098,39,17,10,45,19,11,15
2003/10/28,03-097,47,21,42,25,49,07,01
2003/10/23,03-096,30,15,43,21,10,07,08
2003/10/21,03-095,44,41,24,35,25,47,38
2003/10/18,03-094,14,39,42,20,26,40,12
2003/10/16,03-093,06,27,36,43,49,38,40
2003/10/14,03-092,37,09,16,30,31,32,24
2003/10/09,03-091,23,40,31,19,44,47,03
2003/10/07,03-090,28,33,47,38,17,42,34
2003/10/04,03-089,41,31,08,47,33,23,38
2003/10/02,03-088,07,39,10,15,04,19,22
2003/09/30,03-087,27,38,28,10,18,24,21
2003/09/25,03-086,41,42,02,09,40,07,28
2003/09/23,03-085,13,49,02,22,39,20,41
2003/09/20,03-084,02,43,31,09,13,03,10
2003/09/18,03-083,18,28,05,14,04,31,24
2003/09/16,03-082,04,48,13,43,02,49,24
2003/09/12,03-081,41,05,01,28,21,35,38
2003/09/09,03-080,28,21,07,41,31,12,03
2003/09/04,03-079,04,26,17,38,01,44,11
2003/08/30,03-078,22,25,17,15,28,16,12
2003/08/28,03-077,36,28,27,41,05,06,47
2003/08/26,03-076,25,07,37,39,10,21,09
2003/08/23,03-075,33,14,31,08,36,42,34
2003/08/21,03-074,18,36,09,10,21,45,06
2003/08/19,03-073,30,47,13,36,20,16,24
2003/08/16,03-072,06,39,03,08,02,25,38
2003/08/14,03-071,11,18,27,02,20,17,10
2003/08/12,03-070,33,18,09,38,26,06,29
2003/08/09,03-069,28,42,17,26,16,40,44
2003/08/07,03-068,02,31,17,12,40,37,01
2003/08/05,03-067,02,45,41,42,22,39,26
2003/08/02,03-066,16,33,36,31,38,29,04
2003/07/31,03-065,24,47,18,17,15,05,07
2003/07/29,03-064,02,34,11,06,20,05,32
2003/07/26,03-063,25,34,14,12,30,35,23
2003/07/24,03-062,24,18,46,26,29,30,39
2003/07/22,03-061,06,29,09,14,17,02,22
2003/07/19,03-060,07,31,10,05,23,34,38
2003/07/17,03-059,12,24,30,39,16,21,07
2003/07/15,03-058,04,07,05,01,09,27,21
2003/07/12,03-057,17,31,28,37,43,14,39
2003/07/10,03-056,42,24,28,29,30,49,47
2003/07/08,03-055,23,15,01,33,06,21,30
2003/07/05,03-054,12,46,01,16,13,36,49
2003/07/03,03-053,47,20,39,06,12,05,38
2003/06/30,03-052,18,16,32,47,44,14,02
2003/06/26,03-051,37,09,40,29,07,26,11
2003/06/24,03-050,21,02,37,44,10,22,47
2003/06/19,03-049,04,10,24,47,03,26,12
2003/06/17,03-048,22,03,11,18,24,37,49
2003/06/12,03-047,27,38,31,14,44,03,26
2003/06/10,03-046,10,19,44,26,30,32,29
2003/06/05,03-045,09,44,30,48,27,33,37
2003/06/03,03-044,12,21,37,47,02,49,11
2003/05/29,03-043,31,16,47,13,39,19,29
2003/05/27,03-042,49,31,27,28,29,01,06
2003/05/22,03-041,23,14,43,28,08,17,26
2003/05/20,03-040,39,28,06,43,45,40,42
2003/05/15,03-039,29,08,36,38,32,31,12
2003/05/13,03-038,35,34,09,29,17,20,18
2003/05/09,03-037,11,29,32,20,33,23,35
2003/05/06,03-036,19,07,30,44,37,34,48
2003/05/02,03-035,10,19,35,08,31,03,36
2003/04/29,03-034,37,47,49,30,19,41,03
2003/04/24,03-033,20,11,14,47,42,17,27
2003/04/22,03-032,31,36,26,07,27,14,43
2003/04/17,03-031,38,12,45,26,18,34,43
2003/04/15,03-030,37,39,15,28,27,09,33
2003/04/10,03-029,07,11,33,23,13,31,28
2003/04/08,03-028,13,06,47,11,40,24,42
2003/04/03,03-027,32,29,21,43,38,41,07
2003/04/01,03-026,48,12,43,30,40,17,18
2003/03/27,03-025,48,22,21,09,26,37,35
2003/03/25,03-024,30,28,23,34,13,42,20
2003/03/20,03-023,13,14,39,23,21,42,36
2003/03/18,03-022,22,23,35,08,24,10,33
2003/03/13,03-021,49,21,03,20,43,02,32
2003/03/11,03-020,10,35,39,31,22,20,17
2003/03/06,03-019,48,15,40,20,35,45,30
2003/03/04,03-018,38,09,44,42,32,33,43
2003/02/27,03-017,25,04,21,12,09,34,36
2003/02/25,03-016,42,19,13,45,28,23,15
2003/02/20,03-015,41,48,13,24,16,01,35
2003/02/18,03-014,20,49,19,10,16,40,24
2003/02/13,03-013,12,08,24,39,04,40,18
2003/02/11,03-012,22,11,28,38,40,23,29
2003/02/06,03-011,18,31,26,11,46,04,16
2003/02/04,03-010,28,43,12,07,20,27,46
2003/01/30,03-009,07,28,08,04,05,06,23
2003/01/28,03-008,30,10,25,46,05,41,48
2003/01/23,03-007,36,06,38,27,14,23,49
2003/01/21,03-006,44,49,16,20,21,43,06
2003/01/16,03-005,02,40,39,42,34,36,29
2003/01/14,03-004,32,28,33,11,13,07,20
2003/01/09,03-003,08,23,22,49,21,17,24
2003/01/07,03-002,10,43,12,38,09,26,15
2003/01/02,03-001,23,27,26,05,16,06,46
2002/12/31,02-113,28,40,19,18,44,10,24
2002/12/27,02-112,34,10,22,40,43,14,04
2002/12/23,02-111,19,01,11,39,40,18,42
2002/12/20,02-110,24,18,13,26,33,23,15
2002/12/17,02-109,06,41,42,40,18,39,09
2002/12/12,02-108,07,23,16,15,35,31,08
2002/12/10,02-107,37,38,49,46,36,05,17
2002/12/05,02-106,27,37,44,21,11,31,01
2002/12/03,02-105,14,24,28,09,11,17,46
2002/11/28,02-104,26,37,17,43,31,19,38
2002/11/26,02-103,46,40,42,21,47,19,33
2002/11/21,02-102,29,18,41,04,25,16,21
2002/11/19,02-101,47,15,22,42,03,23,18
2002/11/14,02-100,25,49,14,02,45,06,42
2002/11/12,02-099,26,05,09,33,08,38,28
2002/11/07,02-098,06,32,46,42,29,07,01
2002/11/04,02-097,31,03,48,01,12,23,34
2002/10/31,02-096,22,08,02,27,28,03,45
2002/10/29,02-095,14,08,44,25,43,10,41
2002/10/24,02-094,22,29,12,19,08,41,01
2002/10/22,02-093,13,32,18,46,30,01,19
2002/10/17,02-092,44,37,05,07,16,42,38
2002/10/15,02-091,01,36,33,12,37,14,13
2002/10/10,02-090,05,09,48,18,47,25,17
2002/10/08,02-089,32,30,20,42,09,05,02
2002/10/03,02-088,46,11,06,10,35,32,22
2002/09/30,02-087,24,49,15,41,47,07,25
2002/09/26,02-086,15,17,12,34,42,10,29
2002/09/24,02-085,47,10,48,41,01,34,19
2002/09/20,02-084,15,44,34,19,25,38,05
2002/09/17,02-083,13,05,27,19,29,35,40
2002/09/12,02-082,23,33,11,32,48,43,02
2002/09/10,02-081,46,16,37,22,14,08,36
2002/09/05,02-080,47,40,22,34,41,15,10
2002/09/03,02-079,10,46,42,43,37,40,30
2002/08/31,02-078,04,25,31,23,44,03,35
2002/08/29,02-077,35,03,32,07,31,47,15
2002/08/27,02-076,24,28,22,39,36,33,41
2002/08/24,02-075,19,12,23,02,49,07,04
2002/08/22,02-074,08,25,01,03,43,46,21
2002/08/20,02-073,26,36,02,41,06,16,08
2002/08/17,02-072,47,10,17,43,45,36,33
2002/08/15,02-071,25,23,40,38,04,24,37
2002/08/13,02-070,49,26,14,07,41,32,12
2002/08/10,02-069,46,28,29,31,44,05,45
2002/08/08,02-068,28,35,27,15,26,05,02
2002/08/06,02-067,39,05,32,10,24,49,01
2002/08/03,02-066,28,19,09,15,11,10,37
2002/08/01,02-065,11,03,07,28,36,22,18
2002/07/30,02-064,26,06,27,45,22,25,36
2002/07/27,02-063,44,32,25,23,43,01,30
2002/07/25,02-062,05,01,39,46,06,31,44
2002/07/23,02-061,09,44,43,25,12,31,05
2002/07/20,02-060,33,01,44,29,11,36,37
2002/07/18,02-059,29,24,28,22,38,11,20
2002/07/16,02-058,29,32,14,13,07,20,28
2002/07/13,02-057,09,25,38,24,27,36,41
2002/07/11,02-056,46,14,23,19,36,44,07
2002/07/09,02-055,10,26,48,35,20,28,13
2002/07/06,02-054,21,10,33,40,20,44,34
2002/07/04,02-053,05,32,34,39,49,38,08